data/gribs/gfs_20260102_18z_f000_1767408540682.json
{"header": {"discipline":0,"disciplineName":"Meteorological products","gribEdition":2,"center":7,"centerName":"US National Weather Service - NCEP(WMC)","refTime":"2026-01-02T18:00:00Z","parameterCategory":2,"parameterCategoryName":"Momentum","parameterNumber":2,"parameterNumberName":"U-component_of_wind","parameterUnit":"m.s-1","forecastTime":0,"surface1Type":103,"surface1TypeName":"Specified height level above ground","surface1Value":10,"gridDefinitionTemplate":0,"gridDefinitionTemplateName":"Latitude_Longitude","numberPoints":28381,"shape":6,"nx":281,"ny":101,"lo1":-80,"la1":50,"lo2":-10,"la2":25,"dx":0.25,"dy":0.25}, "data":
[rows 0 to 22 of 101, columns 104 to 155 of 281]
4.3532324219,3.7632324219,3.2132324219,2.9932324219,2.9732324219,2.9332324219,2.5832324219,1.8132324219,0.97323242188,0.22323242188,-0.61676757813,-1.3667675781,-1.9567675781,-2.6267675781,-3.3867675781,-4.1667675781,-4.9067675781,-5.0567675781,-5.2867675781,-6.2567675781,-6.6067675781,-6.1967675781,-5.8767675781,-5.9167675781,-6.2867675781,-6.6367675781,-6.7167675781,-6.3667675781,-5.6667675781,-5.1967675781,-5.3467675781,-5.8067675781,-6.4167675781,-7.0767675781,-7.5667675781,-7.5767675781,-7.5167675781,-7.6067675781,-7.6667675781,-7.2767675781,-6.7467675781,-5.9967675781,-6.0467675781,-6.9867675781,-7.5767675781,-8.1167675781,-7.6267675781,-7.6767675781,-8.4367675781,-9.0167675781,-9.5267675781,-9.7467675781
4.8832324219,4.8432324219,3.9432324219,3.4632324219,3.5132324219,3.8932324219,3.6832324219,3.0032324219,2.6332324219,2.3232324219,1.3432324219,-0.11676757813,-1.1667675781,-1.5667675781,-2.3067675781,-3.3367675781,-3.9167675781,-3.8967675781,-4.0467675781,-5.1867675781,-6.1167675781,-5.7267675781,-4.9967675781,-4.7367675781,-5.2867675781,-6.0767675781,-6.6467675781,-6.7767675781,-6.2767675781,-5.3267675781,-4.9467675781,-5.2867675781,-6.0567675781,-6.6967675781,-7.1567675781,-7.4467675781,-7.6967675781,-7.6867675781,-7.7767675781,-7.7567675781,-7.2267675781,-6.6567675781,-5.9167675781,-5.2567675781,-5.9867675781,-7.5367675781,-8.2967675781,-7.9667675781,-6.7867675781,-6.4067675781,-7.3867675781,-8.9367675781
3.5932324219,5.0632324219,5.8032324219,5.0332324219,4.1232324219,4.1732324219,4.0032324219,3.5632324219,3.9032324219,4.1232324219,3.4932324219,2.0332324219,0.51323242187,-0.67676757812,-1.7767675781,-2.4767675781,-3.0267675781,-3.2267675781,-3.3467675781,-4.0967675781,-5.6367675781,-5.8567675781,-4.8167675781,-3.9967675781,-4.2367675781,-5.2367675781,-5.8667675781,-6.2467675781,-6.3067675781,-5.7867675781,-4.9867675781,-5.0467675781,-5.6467675781,-6.3967675781,-6.5067675781,-6.8167675781,-7.5067675781,-7.6867675781,-7.6967675781,-7.6367675781,-7.4567675781,-7.1967675781,-6.4467675781,-6.3967675781,-6.9867675781,-7.1167675781,-7.8767675781,-8.7467675781,-8.3967675781,-7.2167675781,-6.7667675781,-7.1567675781
2.6832324219,2.8032324219,5.7132324219,6.9132324219,5.2532324219,4.0232324219,3.3732324219,3.9432324219,5.2532324219,5.7032324219,5.0632324219,3.7032324219,1.8732324219,0.033232421875,-0.98676757813,-1.3767675781,-2.2367675781,-2.9467675781,-3.1867675781,-3.5267675781,-4.9967675781,-5.9167675781,-5.1567675781,-4.1467675781,-3.6267675781,-4.3967675781,-5.4667675781,-5.7767675781,-5.9367675781,-5.9267675781,-5.5167675781,-5.1667675781,-5.4867675781,-6.0067675781,-6.0467675781,-6.1367675781,-6.6567675781,-7.3767675781,-7.5567675781,-7.2467675781,-7.0667675781,-7.0667675781,-7.3167675781,-7.6267675781,-7.3867675781,-7.2567675781,-7.7467675781,-8.5667675781,-8.8767675781,-8.2967675781,-7.2867675781,-7.0767675781
2.2232324219,3.8932324219,6.7032324219,6.9332324219,5.5932324219,4.6632324219,5.2932324219,6.1832324219,6.7932324219,6.2932324219,5.4832324219,4.8332324219,3.5332324219,1.5432324219,0.063232421875,-0.73676757813,-1.3667675781,-2.2367675781,-2.9067675781,-3.5567675781,-4.3067675781,-5.3567675781,-5.4367675781,-4.6467675781,-3.6267675781,-3.5967675781,-4.6667675781,-5.4567675781,-5.5867675781,-5.8667675781,-5.8467675781,-5.5867675781,-5.5267675781,-5.5967675781,-5.4567675781,-5.3367675781,-6.0667675781,-6.6667675781,-6.9167675781,-6.7967675781,-6.5567675781,-6.7267675781,-7.6167675781,-8.1267675781,-7.8967675781,-7.7767675781,-8.2767675781,-9.1567675781,-9.8167675781,-9.7167675781,-8.7867675781,-7.4367675781
3.2132324219,4.6632324219,6.4832324219,6.3932324219,5.6432324219,6.9632324219,7.8332324219,6.9732324219,5.8832324219,4.9332324219,4.6932324219,4.9732324219,4.0732324219,2.4432324219,1.2132324219,-0.096767578125,-0.82676757813,-1.5667675781,-2.7667675781,-3.6767675781,-4.0667675781,-4.6067675781,-5.0867675781,-4.6567675781,-3.8967675781,-3.4967675781,-4.0267675781,-4.5667675781,-4.8067675781,-5.3267675781,-5.7367675781,-5.5767675781,-5.4267675781,-5.2567675781,-4.7067675781,-4.6467675781,-5.2267675781,-5.5867675781,-6.1167675781,-6.9667675781,-7.4367675781,-7.7367675781,-8.2667675781,-8.5267675781,-8.5167675781,-8.6967675781,-8.9667675781,-8.9567675781,-8.9367675781,-9.4167675781,-9.7167675781,-9.4467675781
3.3332324219,4.2332324219,4.3932324219,3.9832324219,6.7732324219,8.4832324219,7.7532324219,6.3932324219,5.3132324219,4.5332324219,4.4332324219,5.1432324219,4.5832324219,3.5232324219,2.7732324219,1.2532324219,-0.056767578125,-1.1067675781,-2.4667675781,-3.4867675781,-4.0567675781,-4.5167675781,-4.9167675781,-4.5867675781,-3.7967675781,-3.4067675781,-3.8367675781,-4.5167675781,-4.6567675781,-4.7767675781,-4.9367675781,-4.8767675781,-5.0867675781,-5.1767675781,-4.5167675781,-4.5067675781,-5.1667675781,-5.2067675781,-5.5667675781,-6.6667675781,-7.6367675781,-8.3567675781,-9.0367675781,-9.4767675781,-9.6067675781,-9.8267675781,-10.096767578,-10.186767578,-10.166767578,-10.176767578,-10.136767578,-9.9467675781
3.6232324219,3.5132324219,4.8832324219,7.3532324219,8.1132324219,8.0232324219,7.1132324219,6.3432324219,5.4432324219,4.3932324219,4.0032324219,4.6732324219,5.0232324219,4.5432324219,3.6632324219,2.3432324219,0.55323242187,-0.97676757813,-2.0467675781,-3.0567675781,-3.6167675781,-3.9067675781,-4.5967675781,-4.8167675781,-4.0467675781,-3.1567675781,-3.3367675781,-4.4067675781,-4.9467675781,-4.7667675781,-4.4967675781,-4.3367675781,-4.8867675781,-5.4967675781,-4.9567675781,-4.7067675781,-5.5667675781,-5.4367675781,-5.2367675781,-6.1467675781,-7.0667675781,-8.0567675781,-9.1867675781,-10.156767578,-10.716767578,-10.686767578,-10.316767578,-10.216767578,-10.626767578,-11.016767578,-10.966767578,-10.506767578
4.3632324219,5.2932324219,7.8732324219,7.0232324219,7.0832324219,8.0732324219,7.0332324219,6.0332324219,4.9032324219,3.9232324219,3.7432324219,4.6532324219,6.0732324219,5.9232324219,4.5032324219,3.1132324219,1.6532324219,-0.096767578125,-1.5167675781,-2.5667675781,-3.2067675781,-3.5867675781,-3.9267675781,-4.2267675781,-4.3667675781,-3.7967675781,-3.2567675781,-3.9867675781,-5.0167675781,-4.9367675781,-3.8167675781,-3.5567675781,-4.6367675781,-5.5467675781,-5.3067675781,-4.9567675781,-5.5367675781,-5.7167675781,-5.1967675781,-5.9767675781,-6.9567675781,-8.0967675781,-9.6867675781,-11.056767578,-11.346767578,-11.356767578,-11.206767578,-10.736767578,-10.706767578,-11.356767578,-12.026767578,-11.786767578
6.6632324219,7.7632324219,6.3932324219,6.1032324219,8.0432324219,7.6532324219,6.4132324219,6.2032324219,6.0432324219,5.4732324219,4.6232324219,4.8632324219,6.6432324219,7.1532324219,5.5732324219,4.1132324219,3.0132324219,1.3232324219,-0.34676757813,-1.6867675781,-2.8867675781,-3.4367675781,-3.8167675781,-3.7367675781,-3.7967675781,-4.0367675781,-3.8267675781,-3.9767675781,-4.8367675781,-5.0367675781,-3.9567675781,-2.4067675781,-2.4567675781,-4.1067675781,-4.9267675781,-4.5967675781,-4.6967675781,-5.1167675781,-5.5767675781,-5.9967675781,-6.6767675781,-7.8267675781,-9.8567675781,-11.756767578,-12.096767578,-12.196767578,-12.636767578,-12.446767578,-12.266767578,-12.356767578,-12.516767578,-12.526767578
8.1832324219,5.6232324219,4.5432324219,6.0732324219,6.1632324219,5.3832324219,6.6832324219,6.9932324219,6.7332324219,5.4232324219,4.1632324219,4.6032324219,6.6732324219,7.7132324219,6.6132324219,5.3432324219,4.3032324219,2.8732324219,1.0032324219,-0.54676757812,-2.0467675781,-2.7667675781,-3.0867675781,-3.1567675781,-3.0467675781,-3.3867675781,-3.8667675781,-4.1567675781,-4.4967675781,-4.5767675781,-3.8267675781,-2.7567675781,-2.3067675781,-2.7367675781,-3.8867675781,-4.2667675781,-4.0567675781,-4.4867675781,-5.4367675781,-5.7967675781,-6.1967675781,-8.1367675781,-9.6067675781,-10.846767578,-11.366767578,-11.406767578,-11.916767578,-12.606767578,-13.356767578,-13.776767578,-13.446767578,-13.126767578
6.0932324219,4.4232324219,4.3832324219,5.3232324219,6.8932324219,7.5032324219,8.1932324219,7.8932324219,7.9832324219,7.5832324219,6.4532324219,5.8132324219,6.9332324219,8.0232324219,7.5532324219,6.3032324219,4.8532324219,3.1332324219,1.4032324219,0.12323242187,-1.1767675781,-2.0667675781,-2.5867675781,-2.9367675781,-2.9967675781,-3.1467675781,-3.4667675781,-3.8367675781,-4.2267675781,-4.4567675781,-4.0267675781,-3.1167675781,-2.3567675781,-2.1967675781,-3.1867675781,-4.0867675781,-3.6867675781,-3.9667675781,-4.9367675781,-5.4167675781,-5.8267675781,-7.7067675781,-9.6567675781,-10.736767578,-11.176767578,-10.816767578,-10.856767578,-11.186767578,-11.466767578,-12.526767578,-13.156767578,-12.476767578
6.3732324219,6.6532324219,5.3932324219,6.3332324219,6.7532324219,8.2732324219,8.8432324219,8.3532324219,8.0832324219,7.5532324219,6.6532324219,6.0532324219,6.6732324219,7.6532324219,7.8532324219,7.0532324219,5.7632324219,4.2732324219,2.3332324219,0.67323242187,-0.40676757813,-1.1967675781,-2.0067675781,-2.8567675781,-3.2867675781,-3.1067675781,-2.8967675781,-2.9767675781,-3.7967675781,-4.4467675781,-4.2967675781,-3.4167675781,-2.2667675781,-1.5967675781,-1.8167675781,-2.6467675781,-2.7467675781,-2.9867675781,-4.4467675781,-4.7767675781,-4.9167675781,-6.7767675781,-8.7867675781,-9.8167675781,-10.236767578,-10.746767578,-11.716767578,-12.546767578,-12.636767578,-12.486767578,-12.346767578,-12.526767578
7.6932324219,7.3732324219,5.9932324219,6.7332324219,8.0432324219,8.7032324219,8.5032324219,8.0732324219,7.4932324219,6.9232324219,6.4532324219,6.2232324219,6.5632324219,7.2832324219,7.8832324219,7.7432324219,6.2932324219,4.0532324219,2.0432324219,0.88323242188,0.063232421875,-0.79676757812,-1.4567675781,-2.3567675781,-3.1567675781,-3.0567675781,-2.4567675781,-2.3367675781,-3.1667675781,-4.1167675781,-4.5667675781,-4.0367675781,-2.6367675781,-1.3567675781,-0.98676757813,-1.2067675781,-1.0567675781,-1.0967675781,-2.3567675781,-3.6867675781,-3.7467675781,-4.5767675781,-6.6867675781,-8.1867675781,-9.0367675781,-10.496767578,-12.096767578,-12.856767578,-13.326767578,-13.946767578,-13.976767578,-12.996767578
8.1132324219,7.7632324219,7.2232324219,7.3532324219,7.7032324219,7.6532324219,7.5632324219,7.0632324219,6.5532324219,6.3432324219,6.3632324219,6.3732324219,6.5832324219,7.0832324219,7.7532324219,8.0732324219,6.8032324219,4.6132324219,2.4632324219,1.1332324219,0.16323242188,-0.28676757813,-0.93676757812,-1.8667675781,-2.8467675781,-2.9667675781,-2.3667675781,-2.1467675781,-2.8667675781,-3.4967675781,-3.8967675781,-4.1567675781,-3.4867675781,-1.8667675781,-0.40676757813,-0.026767578125,0.033232421875,1.4432324219,1.2332324219,-0.83676757813,-2.4467675781,-3.0367675781,-4.1967675781,-5.8067675781,-6.9767675781,-8.8067675781,-10.456767578,-11.376767578,-12.706767578,-13.646767578,-13.876767578,-13.816767578
7.6232324219,6.8132324219,5.9632324219,5.9532324219,6.2032324219,6.4232324219,6.2832324219,5.7332324219,5.5132324219,5.6632324219,5.8832324219,5.9832324219,6.3132324219,6.9132324219,7.7532324219,8.0732324219,7.0732324219,4.7732324219,2.5432324219,1.1732324219,0.15323242187,0.003232421875,-0.27676757813,-1.2067675781,-2.2567675781,-2.6467675781,-2.5567675781,-2.4267675781,-2.7367675781,-2.8867675781,-2.9567675781,-3.3967675781,-3.7967675781,-2.9967675781,-0.96676757813,0.55323242187,0.89323242188,1.6532324219,3.4532324219,4.1432324219,3.2332324219,1.0632324219,-1.7267675781,-3.4167675781,-4.4067675781,-5.0367675781,-5.5767675781,-7.5867675781,-9.8967675781,-10.616767578,-10.476767578,-10.976767578
6.9032324219,5.5432324219,4.6432324219,4.6332324219,4.8932324219,5.3832324219,5.2532324219,4.7432324219,4.5732324219,4.8932324219,5.1732324219,5.2932324219,5.8532324219,6.6532324219,7.4332324219,7.7032324219,6.4732324219,4.2832324219,2.2032324219,1.0832324219,0.35323242187,0.013232421875,0.19323242188,-0.88676757813,-1.8267675781,-2.3567675781,-2.7667675781,-2.7667675781,-2.6367675781,-2.5367675781,-2.3467675781,-2.4167675781,-3.1267675781,-3.3867675781,-2.1567675781,-0.096767578125,1.1332324219,1.6832324219,2.9732324219,4.7232324219,6.1032324219,6.8932324219,7.0932324219,6.3632324219,3.7332324219,2.3432324219,3.2332324219,3.7632324219,3.0632324219,1.6232324219,-3.2767675781,-8.3367675781
7.0032324219,4.7332324219,3.8432324219,4.0732324219,4.3332324219,4.7132324219,4.6432324219,4.1932324219,4.1132324219,4.2832324219,4.3732324219,4.6232324219,5.3632324219,6.2432324219,6.8432324219,7.1332324219,6.9032324219,5.2232324219,3.1632324219,1.7432324219,0.22323242188,0.033232421875,0.003232421875,-1.2967675781,-1.9667675781,-2.3567675781,-2.4967675781,-2.4367675781,-2.4567675781,-2.4067675781,-2.1667675781,-1.9067675781,-1.9167675781,-2.3367675781,-2.2167675781,-1.1667675781,0.31323242188,1.4732324219,2.5432324219,4.0732324219,5.6032324219,6.8432324219,8.1432324219,8.6932324219,8.7732324219,9.3132324219,9.6732324219,9.8532324219,8.5632324219,5.6432324219,5.3032324219,3.0632324219
7.6232324219,5.5032324219,3.9432324219,3.8732324219,4.1032324219,4.2932324219,4.1632324219,3.8832324219,3.8032324219,3.6532324219,3.6532324219,4.1232324219,5.0132324219,5.7132324219,6.2432324219,6.7332324219,6.8632324219,4.9032324219,3.0332324219,2.0232324219,1.1032324219,1.1332324219,0.11323242188,-1.1067675781,-1.7367675781,-2.2067675781,-2.5367675781,-2.6267675781,-2.6167675781,-2.5367675781,-2.3167675781,-1.9067675781,-1.3167675781,-0.70676757813,-0.57676757813,-0.92676757812,-0.70676757813,0.42323242187,2.0032324219,3.4632324219,4.8932324219,6.3532324219,7.6032324219,8.3932324219,8.8432324219,8.6932324219,8.6932324219,9.2432324219,8.8832324219,7.5032324219,6.1432324219,5.6832324219
8.3832324219,7.1932324219,5.2332324219,4.6332324219,4.8032324219,4.5132324219,4.0132324219,3.8232324219,3.5932324219,3.2032324219,3.1432324219,3.8632324219,4.7832324219,5.2932324219,5.6132324219,6.3632324219,5.9932324219,4.5232324219,3.2732324219,2.5132324219,1.7432324219,1.3632324219,0.77323242187,-0.27676757813,-0.95676757813,-1.4267675781,-1.8867675781,-2.4467675781,-2.8667675781,-2.9067675781,-2.5567675781,-1.9667675781,-1.2367675781,-0.35676757812,0.57323242188,0.86323242188,0.13323242188,0.063232421875,1.2332324219,2.8632324219,4.2432324219,5.5832324219,6.9632324219,8.0032324219,8.3632324219,8.0832324219,7.9432324219,8.6132324219,9.1032324219,8.0532324219,6.7532324219,5.6032324219
8.5432324219,7.6032324219,6.4732324219,5.5832324219,5.2932324219,4.9032324219,4.3832324219,3.8732324219,3.2232324219,2.8132324219,2.9532324219,3.7132324219,4.6632324219,5.0532324219,5.3232324219,6.3232324219,5.9132324219,4.6032324219,3.5632324219,2.7632324219,1.8732324219,1.5832324219,1.1832324219,0.22323242188,-0.26676757813,-0.63676757813,-0.99676757813,-1.6267675781,-2.4367675781,-2.9267675781,-2.7867675781,-2.1167675781,-1.2867675781,-0.41676757812,0.54323242187,1.3732324219,1.5632324219,1.2132324219,1.3732324219,2.5332324219,3.8532324219,5.0632324219,6.1432324219,7.0632324219,7.5532324219,7.5732324219,7.5332324219,8.0432324219,8.9432324219,8.6432324219,7.2532324219,6.4932324219
8.3932324219,7.5632324219,6.9132324219,5.7532324219,5.2032324219,5.0932324219,4.8032324219,4.2032324219,3.0932324219,2.7032324219,3.0332324219,3.9432324219,4.9432324219,5.3232324219,5.7032324219,6.5532324219,5.9132324219,4.5332324219,3.6932324219,2.9732324219,2.1432324219,1.3432324219,0.79323242187,0.33323242188,0.18323242187,-0.096767578125,-0.43676757812,-0.86676757813,-1.4167675781,-1.9667675781,-2.1667675781,-1.7767675781,-1.1467675781,-0.54676757812,0.21323242187,1.0932324219,1.8432324219,2.1432324219,2.1832324219,2.7132324219,3.6232324219,4.6232324219,5.6332324219,6.3732324219,6.8232324219,6.9632324219,6.9532324219,7.2232324219,8.1532324219,8.9632324219,7.9932324219,6.7732324219
8.2032324219,7.5332324219,7.1732324219,5.9132324219,5.0832324219,5.0532324219,4.6032324219,3.7832324219,2.8332324219,2.9332324219,3.6332324219,4.3232324219,5.0332324219,5.5032324219,5.9032324219,6.3632324219,5.9232324219,4.4132324219,3.7832324219,3.3532324219,3.0832324219,1.4032324219,0.44323242188,0.053232421875,0.28323242188,0.32323242188,0.003232421875,-0.44676757813,-0.79676757812,-1.1367675781,-1.3167675781,-1.1067675781,-0.97676757813,-0.84676757813,-0.29676757812,0.66323242187,1.5432324219,2.1532324219,2.5532324219,2.9732324219,3.5732324219,4.3732324219,5.3332324219,6.1132324219,6.3732324219,6.3832324219,6.4732324219,6.6732324219,7.2432324219,8.2132324219,8.4632324219,7.4132324219
