data/gribs/gfs_20260102_18z_f000_1767408540682.json
{"header": {"discipline":0,"disciplineName":"Meteorological products","gribEdition":2,"center":7,"centerName":"US National Weather Service - NCEP(WMC)","refTime":"2026-01-02T18:00:00Z","parameterCategory":2,"parameterCategoryName":"Momentum","parameterNumber":3,"parameterNumberName":"V-component_of_wind","parameterUnit":"m.s-1","forecastTime":0,"surface1Type":103,"surface1TypeName":"Specified height level above ground","surface1Value":10,"gridDefinitionTemplate":0,"gridDefinitionTemplateName":"Latitude_Longitude","numberPoints":28381,"shape":6,"nx":281,"ny":101,"lo1":-80,"la1":50,"lo2":-10,"la2":25,"dx":0.25,"dy":0.25}, "data":
[rows 0 to 22 of 101, columns 102 to 152 of 281]
12.846103516,12.176103516,11.946103516,11.446103516,11.086103516,11.436103516,11.566103516,11.936103516,12.336103516,12.956103516,13.666103516,14.056103516,13.976103516,14.146103516,14.296103516,13.936103516,13.586103516,13.296103516,12.816103516,12.336103516,11.766103516,11.256103516,10.966103516,10.596103516,9.9861035156,9.4161035156,8.9161035156,8.2961035156,8.1361035156,8.5761035156,9.3761035156,10.386103516,11.156103516,11.086103516,11.686103516,12.146103516,12.056103516,11.876103516,11.626103516,11.046103516,10.466103516,10.026103516,9.5661035156,8.7561035156,8.8161035156,9.4661035156,8.4161035156,7.8461035156,7.5761035156,7.5661035156,7.4461035156
12.066103516,11.936103516,11.516103516,11.316103516,11.226103516,10.806103516,10.636103516,10.786103516,10.816103516,11.716103516,12.346103516,12.986103516,13.246103516,13.176103516,12.986103516,13.046103516,12.946103516,12.516103516,12.526103516,12.606103516,11.866103516,11.206103516,10.826103516,10.766103516,10.626103516,10.026103516,9.3161035156,9.0061035156,9.3961035156,9.3861035156,9.7361035156,10.366103516,11.166103516,10.836103516,10.676103516,10.956103516,10.776103516,10.646103516,10.506103516,10.136103516,9.6261035156,8.9161035156,8.5161035156,8.6161035156,8.1761035156,7.8461035156,7.7061035156,7.5461035156,7.8161035156,8.0461035156,8.0061035156
9.0661035156,10.876103516,9.7061035156,10.266103516,10.876103516,10.916103516,10.876103516,10.066103516,9.5861035156,10.276103516,11.066103516,11.686103516,12.266103516,12.436103516,12.206103516,12.196103516,12.456103516,12.566103516,12.666103516,12.606103516,11.826103516,11.146103516,10.676103516,10.586103516,10.596103516,10.316103516,9.7061035156,9.0061035156,8.8961035156,8.6261035156,8.7561035156,9.4761035156,10.236103516,10.876103516,10.086103516,10.156103516,9.8361035156,9.5361035156,9.5261035156,8.9061035156,8.4661035156,7.9461035156,7.2561035156,6.9861035156,7.3261035156,8.0361035156,7.8361035156,6.8761035156,6.7061035156,6.4261035156,6.4561035156
7.0161035156,8.9961035156,8.2061035156,6.7961035156,9.3161035156,10.996103516,10.756103516,9.9161035156,9.3261035156,10.466103516,11.036103516,10.466103516,10.786103516,11.626103516,11.686103516,11.256103516,11.476103516,12.046103516,12.056103516,11.746103516,11.446103516,11.216103516,10.786103516,10.386103516,10.386103516,10.226103516,9.7361035156,8.9061035156,8.5361035156,8.7261035156,8.7961035156,8.5161035156,8.8761035156,9.7061035156,9.4561035156,8.8861035156,9.1361035156,8.9161035156,8.5961035156,8.1561035156,7.3861035156,6.8661035156,6.5761035156,6.2261035156,6.6961035156,7.6561035156,8.2661035156,8.1361035156,8.0661035156,7.7961035156,7.8961035156
6.9961035156,6.9861035156,6.8161035156,7.7461035156,9.5361035156,10.466103516,11.136103516,10.986103516,10.816103516,10.656103516,9.7861035156,8.6561035156,8.9261035156,10.006103516,10.806103516,10.576103516,10.376103516,11.276103516,11.686103516,11.466103516,11.456103516,11.556103516,11.496103516,10.986103516,10.586103516,10.336103516,9.9161035156,9.2361035156,8.5561035156,8.8461035156,8.5361035156,8.3861035156,8.1261035156,9.0261035156,8.9361035156,8.0461035156,7.7461035156,8.5261035156,8.4861035156,7.8261035156,6.8861035156,6.3361035156,6.0561035156,6.2961035156,6.6661035156,7.2061035156,7.7361035156,7.9961035156,8.3161035156,8.4161035156,8.2561035156
6.8561035156,6.6161035156,6.9161035156,9.1161035156,9.3061035156,10.026103516,10.416103516,11.276103516,10.946103516,9.2561035156,7.8861035156,6.9961035156,7.6161035156,8.9961035156,10.046103516,10.366103516,9.7861035156,10.256103516,10.966103516,11.236103516,11.336103516,11.586103516,11.586103516,11.346103516,11.026103516,10.466103516,9.8361035156,9.1361035156,8.6761035156,8.3761035156,8.3761035156,8.2361035156,7.8561035156,8.1561035156,8.2461035156,7.5361035156,6.6861035156,7.6161035156,8.4661035156,8.0161035156,7.5661035156,7.4861035156,7.5661035156,7.8261035156,7.8961035156,7.5561035156,7.2861035156,7.6161035156,8.1561035156,8.5361035156,8.6561035156
8.1161035156,6.4661035156,6.1961035156,7.1661035156,7.4561035156,6.4261035156,9.6861035156,11.156103516,9.5861035156,8.1661035156,7.6761035156,6.7161035156,6.6361035156,7.8061035156,9.1361035156,9.8361035156,9.6561035156,9.3761035156,9.9261035156,10.566103516,10.856103516,10.906103516,10.596103516,10.306103516,10.166103516,10.056103516,9.7061035156,8.8161035156,8.1961035156,8.0961035156,8.0761035156,8.0461035156,7.6061035156,7.3661035156,7.3561035156,6.9661035156,6.4861035156,7.0961035156,8.3561035156,7.8661035156,7.5161035156,7.3861035156,7.3861035156,7.3661035156,7.4261035156,7.3961035156,7.3861035156,7.5761035156,7.6661035156,7.5961035156,7.7161035156
9.8861035156,7.0761035156,6.0861035156,5.6061035156,6.8461035156,9.7161035156,10.256103516,8.5861035156,7.8061035156,7.4561035156,6.7961035156,5.2061035156,5.2061035156,7.1361035156,8.5061035156,9.1261035156,9.3961035156,9.5261035156,9.4961035156,9.7761035156,10.426103516,10.536103516,10.406103516,10.176103516,9.6061035156,9.2361035156,9.0861035156,8.8261035156,8.1661035156,7.7461035156,7.5761035156,7.5261035156,7.2761035156,6.8261035156,6.8361035156,6.5861035156,6.2361035156,6.5161035156,7.5061035156,7.3261035156,6.7661035156,6.4461035156,6.1861035156,6.3761035156,6.9161035156,7.4061035156,7.5661035156,7.7461035156,7.8761035156,7.7561035156,7.7261035156
8.8061035156,8.1761035156,6.8861035156,6.9961035156,11.006103516,9.3761035156,7.8361035156,7.7261035156,7.6461035156,7.0761035156,6.4161035156,5.4561035156,6.2261035156,7.2761035156,7.6461035156,8.1261035156,8.7261035156,9.1361035156,9.3661035156,9.2961035156,9.6361035156,10.046103516,10.306103516,10.246103516,9.8761035156,9.1961035156,8.3061035156,7.9361035156,7.6761035156,7.4761035156,7.2961035156,7.1261035156,6.6661035156,6.0661035156,6.2661035156,6.3161035156,6.2061035156,6.1361035156,6.4361035156,6.8861035156,6.3461035156,6.5561035156,6.4661035156,6.3461035156,6.8261035156,7.7661035156,7.9061035156,7.3461035156,7.1461035156,7.2961035156,7.3961035156
7.7561035156,9.1661035156,8.5461035156,9.5661035156,8.9661035156,6.1261035156,8.1261035156,6.2161035156,6.3461035156,6.9161035156,6.6361035156,5.8461035156,5.3561035156,5.8361035156,6.1761035156,6.6961035156,7.8261035156,8.2961035156,8.9161035156,9.2061035156,9.3861035156,9.5861035156,9.7061035156,9.7861035156,9.3761035156,8.9461035156,8.1861035156,7.4361035156,7.0961035156,6.9861035156,6.9361035156,6.6261035156,6.7561035156,6.5161035156,5.9761035156,6.3461035156,6.5061035156,6.3361035156,5.6461035156,5.9261035156,6.4261035156,6.4061035156,6.2861035156,6.2261035156,5.9961035156,6.1361035156,6.6061035156,6.9061035156,6.7961035156,6.5461035156,6.6661035156
8.4461035156,11.206103516,11.146103516,7.1161035156,5.2961035156,5.5961035156,5.5161035156,4.0161035156,6.7261035156,6.7061035156,5.8961035156,5.5261035156,4.9061035156,4.9061035156,4.8961035156,5.0261035156,6.0461035156,7.4861035156,8.3461035156,9.3261035156,9.7461035156,9.7061035156,9.4761035156,9.4061035156,9.1161035156,8.6461035156,8.4861035156,8.1261035156,7.6861035156,7.3461035156,6.8561035156,6.3761035156,6.0261035156,6.0661035156,5.8861035156,5.8561035156,5.8761035156,5.7661035156,5.5161035156,4.9761035156,5.3961035156,5.6861035156,5.8061035156,5.8761035156,5.7061035156,5.2161035156,5.1661035156,5.2561035156,5.2261035156,5.4961035156,5.9161035156
10.606103516,10.666103516,8.7761035156,5.2761035156,4.7561035156,4.3761035156,5.0761035156,5.2361035156,6.5261035156,6.5561035156,5.7961035156,5.1461035156,4.4061035156,3.5761035156,3.1361035156,2.9661035156,3.5361035156,5.7361035156,7.6161035156,8.7861035156,9.4261035156,9.7461035156,9.8761035156,9.7961035156,9.5061035156,9.2861035156,9.0061035156,8.6561035156,8.0061035156,7.2461035156,6.4761035156,5.9261035156,6.0761035156,6.1161035156,6.1161035156,5.5461035156,4.9161035156,4.7461035156,5.2061035156,4.7761035156,4.3861035156,4.8261035156,5.6261035156,5.9361035156,5.4961035156,4.9761035156,4.4561035156,4.2761035156,4.4061035156,4.8461035156,5.5361035156
9.8661035156,9.2061035156,7.3661035156,6.8361035156,4.7861035156,4.3561035156,4.1261035156,5.6961035156,5.7161035156,5.5261035156,5.0661035156,4.4761035156,3.5661035156,2.5461035156,1.7261035156,1.2961035156,1.4461035156,3.8461035156,6.5161035156,8.3361035156,9.1861035156,9.2461035156,9.3761035156,9.5061035156,9.4561035156,9.1561035156,8.6961035156,8.4261035156,7.7561035156,6.9761035156,6.4161035156,5.9161035156,5.8061035156,5.9261035156,5.7561035156,5.1661035156,4.0561035156,3.8161035156,4.0061035156,4.1561035156,3.8861035156,3.5061035156,3.9361035156,4.5461035156,4.3261035156,3.9861035156,3.6461035156,3.8461035156,4.6261035156,5.2861035156,5.5761035156
9.0861035156,8.1961035156,6.3961035156,6.1061035156,4.3661035156,4.3361035156,4.6461035156,4.7061035156,4.2161035156,4.3261035156,4.0861035156,3.3961035156,2.5961035156,1.8161035156,0.75610351562,0.10610351563,0.13610351563,2.0661035156,5.0661035156,7.1061035156,8.0461035156,8.6461035156,9.1361035156,9.5661035156,9.4461035156,8.9261035156,8.3361035156,7.9561035156,7.4461035156,6.8261035156,6.5961035156,6.1261035156,5.3961035156,5.3661035156,5.4561035156,5.1361035156,4.2961035156,3.0661035156,2.6161035156,2.9461035156,2.9761035156,2.2261035156,2.0861035156,2.5761035156,2.8761035156,2.9761035156,3.1161035156,3.6361035156,4.2561035156,4.5161035156,5.0861035156
8.1061035156,7.1461035156,5.8961035156,4.9661035156,4.7861035156,4.3261035156,3.6861035156,3.2661035156,3.2361035156,3.2361035156,2.8761035156,2.3061035156,1.5961035156,0.90610351563,-0.15389648438,-0.82389648438,-0.78389648438,0.63610351563,3.5761035156,6.4861035156,7.7061035156,8.1861035156,8.8561035156,9.3961035156,8.9161035156,8.3361035156,7.9661035156,7.5661035156,7.2561035156,6.9161035156,6.7461035156,6.4161035156,5.5861035156,4.8061035156,4.7861035156,4.7261035156,4.2861035156,3.2161035156,1.8161035156,0.86610351562,1.2061035156,1.4061035156,1.0461035156,1.1061035156,1.5261035156,1.8161035156,2.0761035156,2.2461035156,2.3461035156,3.2061035156,4.6061035156
6.9061035156,5.8861035156,4.7261035156,4.3661035156,4.1861035156,3.5961035156,2.8061035156,2.5661035156,2.5761035156,2.2961035156,1.7061035156,1.1261035156,0.47610351563,-0.16389648438,-1.0738964844,-1.6838964844,-1.5038964844,-0.22389648438,2.4561035156,5.9661035156,7.6661035156,8.3961035156,8.4461035156,8.4661035156,8.2161035156,7.7961035156,7.5461035156,7.2261035156,7.0061035156,6.9061035156,6.9561035156,6.5661035156,5.8961035156,5.0661035156,4.4361035156,4.2461035156,4.1261035156,3.4261035156,2.0961035156,0.81610351563,-0.033896484375,-0.083896484375,-0.013896484375,0.21610351562,1.5861035156,2.2061035156,1.2761035156,0.95610351563,1.2361035156,2.7661035156,4.4461035156
5.6061035156,4.6061035156,4.2261035156,4.1961035156,3.7361035156,2.9361035156,2.3861035156,2.3161035156,2.1661035156,1.6561035156,0.80610351563,0.10610351563,-0.45389648438,-1.2138964844,-2.1438964844,-2.5738964844,-2.1338964844,-0.39389648438,2.4561035156,5.5961035156,7.1161035156,7.7861035156,7.9061035156,7.9261035156,7.6761035156,7.4361035156,7.3561035156,7.2461035156,7.1961035156,7.1261035156,7.0161035156,6.4961035156,5.9661035156,5.4161035156,4.6461035156,4.1261035156,3.5661035156,3.1761035156,2.3861035156,1.1561035156,0.23610351563,-0.12389648438,-0.33389648438,-0.86389648437,-0.66389648438,-0.53389648438,0.76610351563,1.1161035156,1.3661035156,2.3761035156,4.0061035156
5.1061035156,4.0561035156,3.5661035156,4.0561035156,3.5661035156,2.9861035156,2.3761035156,2.0461035156,1.9661035156,1.1961035156,0.22610351563,-0.51389648438,-1.1638964844,-2.1438964844,-3.1038964844,-3.1738964844,-2.2038964844,-0.59389648437,1.7261035156,4.8661035156,6.2761035156,6.4661035156,7.0661035156,7.1961035156,7.1361035156,6.9361035156,6.7561035156,6.8761035156,6.9961035156,6.9661035156,6.8161035156,6.5261035156,6.1161035156,5.6861035156,4.9661035156,4.2561035156,3.4261035156,2.5261035156,2.0861035156,1.6061035156,0.63610351563,-0.023896484375,-0.32389648438,-0.74389648438,-1.0438964844,-1.0638964844,-1.1138964844,-0.58389648437,0.81610351563,2.3961035156,3.4261035156
4.6161035156,3.7161035156,3.3461035156,3.5961035156,3.5561035156,3.2861035156,2.2661035156,1.9561035156,1.8061035156,0.76610351563,-0.20389648437,-1.0238964844,-1.9138964844,-3.0438964844,-3.8738964844,-3.6838964844,-2.4138964844,-0.92389648438,0.96610351563,3.6361035156,5.4161035156,6.6161035156,7.3361035156,7.5861035156,7.2461035156,6.7061035156,6.7261035156,6.8261035156,6.6261035156,6.5361035156,6.6161035156,6.5761035156,6.4061035156,6.0061035156,5.4061035156,4.4761035156,3.8061035156,3.0161035156,2.1161035156,1.5161035156,1.0061035156,0.30610351562,-0.23389648437,-0.42389648437,-0.62389648438,-0.94389648438,-1.1238964844,-1.0238964844,-0.55389648438,0.22610351563,0.98610351562
4.8461035156,4.3361035156,4.2061035156,4.4961035156,4.6661035156,3.7061035156,2.3261035156,2.1761035156,1.5661035156,0.37610351562,-0.53389648438,-1.5638964844,-2.5138964844,-3.3838964844,-4.0038964844,-3.8938964844,-2.6238964844,-1.5338964844,0.74610351562,4.4761035156,6.6361035156,7.3361035156,7.5361035156,7.4961035156,7.2261035156,6.7861035156,6.9461035156,6.8861035156,6.7861035156,6.5361035156,6.4261035156,6.3961035156,6.3061035156,5.9861035156,5.4761035156,4.8861035156,4.5361035156,4.1061035156,2.9661035156,1.8161035156,0.97610351562,0.35610351563,-0.19389648438,-0.67389648438,-0.83389648437,-0.77389648438,-0.63389648438,-0.51389648438,-0.43389648438,-0.093896484375,0.40610351563
5.1261035156,4.4961035156,4.5061035156,4.4761035156,3.9561035156,2.5661035156,1.8261035156,1.7861035156,0.74610351562,-0.44389648438,-0.98389648437,-1.8238964844,-2.5738964844,-3.3438964844,-3.9838964844,-3.8738964844,-3.1838964844,-2.2138964844,1.2661035156,4.6861035156,6.1261035156,6.8261035156,7.1961035156,7.3561035156,7.2561035156,7.2561035156,7.1961035156,7.0461035156,6.9761035156,6.7561035156,6.4461035156,6.1561035156,5.9561035156,5.7661035156,5.5061035156,5.1661035156,4.8961035156,4.7361035156,3.9761035156,2.7061035156,1.4761035156,0.72610351562,0.25610351562,-0.16389648438,-0.45389648438,-0.46389648438,-0.29389648437,-0.14389648437,0.016103515625,0.35610351563,0.80610351563
4.9861035156,4.4261035156,4.1861035156,3.5861035156,2.6061035156,1.5661035156,1.3161035156,0.97610351562,-0.40389648438,-1.0238964844,-0.75389648438,-1.4838964844,-2.3838964844,-3.4438964844,-4.0138964844,-3.9838964844,-3.5938964844,-2.3738964844,0.80610351563,3.9261035156,5.9561035156,6.9861035156,7.2561035156,7.3261035156,7.5561035156,7.5961035156,7.3461035156,7.0361035156,6.8761035156,6.7461035156,6.4861035156,6.1661035156,5.8061035156,5.4861035156,5.3361035156,5.2461035156,5.1861035156,5.0361035156,4.5961035156,3.7461035156,2.6161035156,1.6361035156,1.0661035156,0.74610351562,0.50610351562,0.25610351562,0.15610351562,0.14610351563,0.086103515625,0.14610351563,0.50610351562
4.3861035156,4.0361035156,3.7161035156,2.5761035156,1.4961035156,1.3561035156,0.87610351562,0.036103515625,-1.0438964844,-0.99389648438,-0.12389648438,-1.2038964844,-2.6638964844,-3.7238964844,-4.1238964844,-4.0438964844,-3.3538964844,-2.0038964844,0.45610351563,3.6361035156,5.9761035156,7.0461035156,7.5361035156,8.1261035156,7.8061035156,7.7961035156,7.5461035156,7.2761035156,7.0361035156,6.7961035156,6.5361035156,6.3561035156,6.0661035156,5.7561035156,5.5061035156,5.3761035156,5.3061035156,5.1261035156,4.6361035156,4.0361035156,3.3261035156,2.6061035156,2.0061035156,1.4561035156,1.0261035156,0.71610351562,0.44610351563,0.26610351563,0.14610351563,-0.003896484375,-0.023896484375
