data/gribs/gfs_20260102_18z_f000_1767409719614.json
{"header": {"discipline":0,"disciplineName":"Meteorological products","gribEdition":2,"center":7,"centerName":"US National Weather Service - NCEP(WMC)","refTime":"2026-01-02T18:00:00.000Z","parameterCategory":2,"parameterCategoryName":"Momentum","parameterNumber":2,"parameterNumberName":"U-component_of_wind","parameterUnit":"m.s-1","forecastTime":0,"surface1Type":103,"surface1TypeName":"Specified height level above ground","surface1Value":10,"gridDefinitionTemplate":0,"gridDefinitionTemplateName":"Latitude_Longitude","numberPoints":10985,"shape":6,"nx":169,"ny":65,"lo1":-6,"la1":46,"lo2":36,"la2":30,"dx":0.25,"dy":0.25}, "data":
[rows 23 to 45 of 65, columns 102 to 152 of 169]
-7.7467675781,-2.9367675781,-0.90676757812,-1.2767675781,-1.3467675781,0.67323242187,1.2932324219,-0.39676757813,-1.6167675781,-0.18676757812,0.71323242188,2.3032324219,2.2032324219,-1.7767675781,-3.8767675781,-2.2367675781,-0.98676757813,0.38323242188,0.50323242188,2.3532324219,2.5832324219,4.8032324219,4.2632324219,3.9132324219,4.8432324219,4.5932324219,0.19323242188,-1.3967675781,0.17323242188,-0.31676757813,1.0232324219,0.25323242188,-0.26676757813,-0.28676757813,-1.5467675781,-0.036767578125,0.39323242188,-0.11676757813,-1.2667675781,-1.8067675781,-1.2167675781,-2.9567675781,-1.7467675781,-3.1767675781,-3.3667675781,-2.7367675781,-3.3267675781,-1.7467675781,-1.8467675781,-3.0467675781,-1.4167675781
-5.1567675781,-8.2567675781,-3.1067675781,-2.8967675781,-0.96676757813,0.26323242188,1.6832324219,0.25323242188,-1.0367675781,0.35323242187,0.30323242187,-0.28676757813,6.0532324219,0.70323242188,1.6032324219,1.0132324219,0.023232421875,0.71323242188,2.4032324219,3.1532324219,4.1532324219,3.7332324219,3.2532324219,2.4532324219,3.7632324219,4.3632324219,-1.2967675781,-3.2767675781,-1.5067675781,0.61323242188,-0.63676757813,-1.1967675781,0.43323242187,0.70323242188,0.77323242187,-0.12676757813,-1.9267675781,-2.4467675781,-3.4567675781,0.98323242188,1.7632324219,-1.1567675781,-1.1967675781,-1.8067675781,-2.5467675781,-1.8767675781,-1.4867675781,-0.23676757813,0.33323242188,-1.7667675781,-2.1467675781
6.0432324219,-1.5867675781,-5.0067675781,-3.2467675781,-1.2867675781,-1.0467675781,-0.046767578125,2.0732324219,-0.36676757812,0.66323242187,1.7632324219,1.0732324219,0.94323242188,4.1032324219,3.3032324219,0.22323242188,0.63323242188,1.9832324219,2.3732324219,2.3532324219,2.0832324219,2.3132324219,3.0132324219,2.5532324219,2.3832324219,0.38323242188,-3.5367675781,-3.0667675781,-2.8067675781,-1.1567675781,1.1532324219,0.75323242188,0.053232421875,-0.16676757813,-0.38676757813,-1.4867675781,-1.0167675781,-1.2667675781,-1.9767675781,-2.0367675781,-1.9267675781,-0.066767578125,1.1632324219,-0.93676757812,-3.3367675781,-3.3867675781,-2.7567675781,-2.5767675781,-2.6267675781,-2.2767675781,-1.5667675781
6.8332324219,6.2332324219,1.7532324219,-4.1767675781,-1.4367675781,-1.3267675781,-1.3967675781,1.3932324219,1.9432324219,0.82323242188,1.4432324219,1.1232324219,1.2232324219,0.71323242188,2.8032324219,0.92323242187,1.2932324219,1.1232324219,0.38323242188,0.30323242187,1.5732324219,1.6332324219,2.0832324219,1.8532324219,1.3132324219,-1.6467675781,-5.3667675781,-5.1267675781,-5.4467675781,-1.4467675781,-0.42676757812,0.21323242187,0.55323242187,0.87323242188,-0.29676757812,-2.3067675781,-1.1867675781,0.28323242188,-0.77676757812,-1.1167675781,-0.80676757812,-0.40676757813,0.31323242188,-0.52676757812,0.59323242188,-0.79676757812,-1.9667675781,-2.2867675781,-1.1867675781,-0.76676757813,-1.7967675781
7.6832324219,6.9032324219,6.9332324219,-0.68676757812,-3.3667675781,-1.1867675781,-1.5367675781,-0.62676757813,2.2032324219,1.7332324219,1.9332324219,1.5032324219,1.0332324219,0.97323242188,0.53323242187,2.9132324219,2.3432324219,0.54323242187,-1.1167675781,-0.27676757813,1.0932324219,1.3832324219,1.9832324219,1.9432324219,1.3432324219,-0.29676757812,-2.7967675781,-1.6267675781,-4.1167675781,-3.9967675781,-2.3267675781,-0.25676757813,-1.1167675781,-0.75676757813,-0.46676757813,-2.7967675781,-1.8367675781,0.30323242187,0.73323242188,-0.006767578125,0.21323242187,-0.36676757812,-0.19676757813,-0.56676757813,0.72323242188,1.2332324219,0.27323242188,-1.2467675781,-2.6267675781,-2.0067675781,-1.6167675781
7.9432324219,7.6032324219,7.1232324219,7.0332324219,-1.1067675781,-1.3667675781,-1.3667675781,-1.1267675781,1.3032324219,1.9432324219,1.8332324219,1.8732324219,-0.53676757812,1.5532324219,1.2332324219,1.1032324219,1.7732324219,1.8932324219,-0.60676757813,0.063232421875,1.0532324219,1.9832324219,1.5932324219,2.0932324219,1.8332324219,1.5132324219,-0.45676757813,-3.5067675781,-3.9767675781,-5.6167675781,-2.6267675781,-2.2367675781,-1.0167675781,-0.27676757813,-2.3567675781,-2.0267675781,-1.3967675781,-0.77676757812,-0.28676757813,0.16323242188,-0.24676757812,1.0632324219,1.2332324219,-0.22676757813,-1.2667675781,0.32323242188,1.6632324219,1.0832324219,0.26323242188,-0.99676757813,-1.7467675781
7.9632324219,7.9432324219,7.5832324219,7.1332324219,5.5232324219,0.21323242187,0.76323242188,-1.2667675781,-1.5967675781,-0.056767578125,0.54323242187,1.7132324219,2.1432324219,0.48323242187,1.1732324219,-1.0667675781,0.58323242188,1.7532324219,1.8832324219,2.2832324219,2.9432324219,3.5332324219,1.5032324219,2.5632324219,2.4832324219,2.8532324219,1.7032324219,0.77323242187,-5.2567675781,-4.2467675781,-3.5367675781,-2.9067675781,-1.4567675781,-1.4867675781,-2.6167675781,-2.2367675781,-1.9267675781,-1.9767675781,-1.5767675781,-1.8467675781,-1.5567675781,-0.37676757813,0.53323242187,1.1832324219,0.82323242188,-0.28676757813,-0.80676757812,0.053232421875,1.3632324219,0.87323242188,-1.2667675781
8.5632324219,8.2932324219,7.7132324219,6.9832324219,7.8832324219,2.1332324219,-0.006767578125,-1.1167675781,-2.0367675781,-1.3467675781,-0.42676757812,0.88323242188,1.0032324219,2.7532324219,0.46323242188,-0.80676757812,-1.5267675781,-1.7267675781,1.8032324219,4.5432324219,4.1332324219,1.1932324219,3.0932324219,3.5032324219,2.8432324219,2.7832324219,2.5032324219,2.7732324219,-3.0067675781,-3.8867675781,-4.1667675781,-1.5667675781,0.40323242188,-0.67676757812,-0.31676757813,-0.81676757813,-3.0867675781,-1.7367675781,-1.2067675781,-0.84676757813,-1.1967675781,-1.5067675781,-0.56676757813,-1.0067675781,1.8132324219,0.26323242188,-0.23676757813,1.7932324219,-0.93676757812,-1.1267675781,0.71323242188
9.0232324219,8.6832324219,7.7832324219,6.3932324219,4.4832324219,-0.086767578125,4.0732324219,0.31323242188,-0.12676757813,-0.29676757812,0.91323242187,2.9232324219,3.6432324219,2.3332324219,3.9032324219,0.58323242188,-0.52676757812,1.1732324219,0.27323242188,2.6832324219,2.9232324219,3.9432324219,4.3532324219,2.7332324219,3.6632324219,4.6232324219,2.8032324219,4.5532324219,-3.3967675781,-2.6967675781,-2.0867675781,-2.3067675781,-2.5167675781,-1.7467675781,-0.94676757813,1.1332324219,2.1532324219,-1.1267675781,-0.61676757813,-0.30676757812,-1.0867675781,-1.2967675781,-1.0267675781,-0.79676757812,2.0332324219,0.85323242188,-1.7767675781,-0.59676757813,2.5832324219,1.0132324219,0.25323242188
9.4632324219,8.9232324219,8.3332324219,7.2532324219,6.7332324219,8.3232324219,5.6932324219,0.77323242187,-1.8567675781,-1.6667675781,-0.56676757813,0.98323242188,3.2232324219,1.3932324219,-0.22676757813,-0.30676757812,0.48323242187,0.95323242188,2.3132324219,0.88323242188,3.0132324219,5.6332324219,2.7032324219,3.8432324219,5.7032324219,6.5732324219,6.1332324219,5.6632324219,-4.1267675781,-4.9767675781,-4.5767675781,-2.1967675781,-2.1567675781,-1.9367675781,-0.16676757813,0.84323242188,0.45323242188,2.2332324219,0.23323242188,0.29323242187,0.13323242188,-0.51676757812,-0.69676757813,-1.2467675781,-0.22676757813,1.8932324219,0.63323242188,2.3932324219,-0.13676757813,-0.55676757812,-0.72676757813
9.8232324219,9.2432324219,8.8632324219,8.1032324219,7.4132324219,6.5832324219,5.5032324219,2.8932324219,-1.7267675781,-1.7667675781,-0.18676757812,0.083232421875,3.2632324219,0.70323242188,1.5032324219,0.50323242188,1.3532324219,2.5632324219,2.8232324219,3.4132324219,3.8332324219,3.1132324219,5.9032324219,6.8032324219,7.4132324219,8.2932324219,7.6632324219,5.6432324219,-3.9167675781,-2.8367675781,-2.2567675781,-3.1267675781,-2.4367675781,-1.9467675781,-1.7367675781,0.41323242188,0.33323242188,0.38323242188,1.0332324219,-0.026767578125,0.43323242187,-0.37676757813,-0.40676757813,-1.3667675781,-0.80676757812,-0.53676757812,-0.33676757813,2.4732324219,1.3332324219,-1.7467675781,-0.78676757812
9.6332324219,9.1632324219,9.3232324219,8.6832324219,8.1532324219,7.8432324219,6.2832324219,4.1232324219,0.41323242188,-2.1767675781,-1.3667675781,0.73323242188,2.2632324219,2.4832324219,1.5232324219,2.2632324219,2.5432324219,3.7732324219,5.6232324219,7.5832324219,8.4032324219,8.6732324219,8.6532324219,9.1732324219,9.8132324219,8.4132324219,7.0332324219,6.8032324219,1.7932324219,-2.8867675781,-5.1467675781,-2.9067675781,-3.0267675781,-1.3067675781,-0.30676757812,-0.61676757813,1.2532324219,0.14323242188,0.64323242187,0.86323242188,-0.25676757813,1.5932324219,-0.55676757812,-1.5467675781,-0.37676757813,-0.28676757813,-0.70676757813,1.1932324219,1.6532324219,0.69323242188,0.12323242187
9.3432324219,9.0532324219,9.3432324219,8.8132324219,8.7132324219,8.1332324219,6.6232324219,4.3132324219,2.3732324219,-1.3667675781,-0.94676757813,0.24323242187,0.25323242188,2.4232324219,2.3932324219,2.2932324219,5.5032324219,8.4732324219,9.7232324219,9.5832324219,9.2032324219,8.9032324219,9.1432324219,8.5532324219,8.5932324219,7.5532324219,7.2032324219,7.3732324219,2.4732324219,1.8332324219,-1.6567675781,-4.8267675781,-4.5867675781,-2.2467675781,0.30323242187,-0.68676757812,1.0232324219,0.22323242188,-0.18676757812,1.8332324219,0.89323242188,1.2432324219,0.21323242187,-0.62676757813,0.013232421875,0.36323242187,-1.3667675781,-0.89676757812,0.093232421875,0.79323242187,1.6232324219
9.2232324219,9.0632324219,9.2932324219,9.0532324219,8.5032324219,7.8232324219,6.2532324219,4.5732324219,3.5532324219,1.0332324219,-0.60676757813,1.1532324219,0.26323242188,-0.25676757813,3.6832324219,6.9932324219,10.253232422,10.213232422,9.9332324219,9.9632324219,9.9632324219,9.0032324219,8.5932324219,7.7232324219,7.0532324219,7.3432324219,7.2432324219,5.6832324219,3.0732324219,2.6532324219,-0.13676757813,-2.9167675781,-2.6667675781,-1.6767675781,-1.1567675781,-0.39676757813,0.44323242188,-0.90676757812,-0.29676757812,0.18323242187,0.70323242188,0.69323242188,1.1332324219,-0.31676757813,0.79323242187,0.67323242187,-0.43676757812,-0.90676757812,-1.2867675781,-1.2867675781,0.28323242188
8.9432324219,9.0632324219,9.4132324219,9.2732324219,7.9332324219,7.4132324219,6.0232324219,5.0932324219,4.8532324219,4.2632324219,4.2132324219,3.4732324219,2.2932324219,2.5032324219,4.6632324219,8.6632324219,9.7532324219,10.003232422,9.8132324219,9.2332324219,8.9932324219,8.4232324219,8.2032324219,7.6632324219,7.1332324219,7.1032324219,6.9732324219,4.1532324219,3.1032324219,3.1932324219,2.2532324219,-0.066767578125,-1.3767675781,0.25323242188,2.0932324219,0.29323242187,0.44323242188,-0.54676757812,-1.4367675781,-1.2267675781,0.27323242188,0.64323242187,0.43323242187,0.66323242187,1.0432324219,-0.16676757813,-0.85676757813,-0.59676757813,-0.74676757813,-1.9967675781,-2.6267675781
8.6332324219,8.8532324219,9.2632324219,8.6732324219,7.1232324219,7.0832324219,5.9832324219,5.5332324219,5.5332324219,5.4232324219,5.3332324219,5.4432324219,5.6432324219,7.9132324219,7.4832324219,7.8732324219,8.5132324219,9.3632324219,9.4932324219,8.2632324219,8.7732324219,8.0632324219,7.9332324219,7.3632324219,6.4732324219,6.1632324219,6.1032324219,4.3832324219,2.7032324219,3.3132324219,3.1232324219,3.2432324219,0.26323242188,0.57323242188,2.4432324219,2.9532324219,2.7032324219,0.54323242187,-0.076767578125,-0.99676757813,0.28323242188,0.50323242188,0.86323242188,1.0332324219,0.52323242187,0.59323242188,0.45323242188,0.60323242188,0.50323242188,0.42323242187,-1.7467675781
8.4132324219,8.6432324219,8.9832324219,7.9532324219,6.3632324219,6.7532324219,5.9032324219,5.7132324219,5.7632324219,5.6832324219,5.5232324219,5.6632324219,6.1932324219,6.6832324219,5.5132324219,7.0932324219,7.8732324219,9.1032324219,9.0032324219,7.5432324219,8.2232324219,7.5832324219,7.4032324219,6.9832324219,5.7932324219,5.0232324219,4.7332324219,4.6232324219,3.1732324219,3.1432324219,3.3432324219,3.3332324219,3.1432324219,0.80323242187,1.3632324219,2.8432324219,4.0032324219,4.5532324219,2.7632324219,1.9132324219,0.24323242187,1.4032324219,0.16323242188,-1.6467675781,0.35323242187,0.22323242188,0.92323242187,1.1232324219,1.0532324219,1.6632324219,-1.2267675781
8.0532324219,8.0132324219,7.8532324219,7.3232324219,5.9832324219,6.2332324219,5.6232324219,5.5832324219,5.5632324219,5.6732324219,5.5232324219,5.3632324219,5.5432324219,6.0132324219,6.1932324219,7.2232324219,7.4132324219,7.0732324219,6.7132324219,6.5132324219,6.2732324219,5.6832324219,4.9632324219,3.9732324219,3.0032324219,2.6932324219,2.7932324219,2.9732324219,2.9032324219,3.0632324219,3.2632324219,3.3932324219,3.4232324219,2.3332324219,0.55323242187,0.75323242188,2.3032324219,4.1332324219,3.8332324219,3.3332324219,3.6832324219,2.3232324219,-3.3867675781,-2.5767675781,-0.92676757812,0.33323242188,1.7332324219,2.2932324219,2.4032324219,1.8432324219,-3.5167675781
7.3932324219,7.0932324219,6.7832324219,6.5932324219,5.7132324219,5.5132324219,5.2832324219,5.4232324219,5.4132324219,5.5232324219,5.3932324219,5.1332324219,5.2732324219,5.4532324219,6.0532324219,6.2932324219,5.6032324219,4.3832324219,3.3632324219,0.96323242188,0.66323242187,-0.076767578125,-0.43676757812,-0.20676757813,0.073232421875,0.49323242187,1.1032324219,1.5632324219,1.8132324219,2.2532324219,2.6232324219,3.0632324219,3.3332324219,3.7232324219,2.8732324219,3.5732324219,3.2432324219,2.4532324219,3.4432324219,3.7732324219,3.9732324219,4.9932324219,6.8132324219,1.0232324219,-0.29676757812,0.52323242187,1.5032324219,2.6132324219,3.0232324219,3.8632324219,5.0332324219
6.8032324219,6.6432324219,6.3332324219,6.2132324219,5.1332324219,4.9332324219,5.1332324219,5.2432324219,5.3032324219,5.3232324219,5.1232324219,4.9532324219,4.8932324219,4.9832324219,5.5732324219,4.3532324219,2.8932324219,0.52323242187,0.053232421875,-0.86676757813,-1.0667675781,-1.4967675781,-2.2267675781,-1.5267675781,-2.1567675781,-1.7467675781,-1.3167675781,-0.78676757812,-0.57676757813,0.42323242187,1.1632324219,1.7132324219,1.4932324219,2.5332324219,4.0032324219,4.1132324219,3.8632324219,3.0932324219,3.3932324219,3.8432324219,3.8532324219,3.8432324219,4.4532324219,2.1532324219,0.65323242187,1.6532324219,1.7032324219,1.9532324219,1.9732324219,2.7332324219,3.4232324219
6.5632324219,6.4832324219,6.1832324219,5.9132324219,4.8132324219,4.6932324219,4.9832324219,5.0432324219,5.0832324219,4.9732324219,4.7632324219,4.4932324219,4.3532324219,4.5532324219,4.4332324219,2.8632324219,2.0132324219,1.2032324219,2.3932324219,2.6032324219,0.22323242188,0.19323242188,2.0332324219,-1.0067675781,0.12323242187,-0.076767578125,-1.4567675781,-1.1667675781,-0.63676757813,0.033232421875,0.73323242188,2.1632324219,2.9732324219,2.9332324219,3.3832324219,4.5132324219,4.1232324219,3.6032324219,3.2732324219,3.5432324219,4.4032324219,4.2132324219,3.7132324219,3.0532324219,1.3432324219,1.5932324219,1.7232324219,1.7332324219,1.6732324219,2.1132324219,2.2032324219
6.3332324219,6.5432324219,6.1632324219,5.5032324219,4.4732324219,4.5032324219,4.8632324219,4.7832324219,4.6232324219,4.5532324219,4.3332324219,4.0232324219,4.2532324219,3.7132324219,2.8632324219,2.7932324219,2.6432324219,2.4132324219,3.3132324219,3.7832324219,3.5332324219,2.0432324219,1.9732324219,2.6732324219,3.2732324219,4.1932324219,4.4732324219,4.5032324219,5.1632324219,5.0832324219,3.7532324219,2.9232324219,3.4332324219,3.7332324219,4.7532324219,4.0732324219,5.0132324219,3.9732324219,4.0432324219,3.8032324219,3.6732324219,4.2532324219,3.8532324219,3.3632324219,2.0332324219,1.4332324219,1.5632324219,1.9232324219,2.1832324219,2.1732324219,2.3732324219
6.4132324219,6.2432324219,5.7832324219,4.9832324219,4.2332324219,4.3132324219,4.6032324219,4.5432324219,4.2832324219,4.2432324219,3.9332324219,3.8032324219,4.0632324219,3.0632324219,2.0632324219,2.2632324219,2.0332324219,2.0532324219,2.5132324219,2.7132324219,2.8432324219,3.8432324219,4.8032324219,4.9732324219,4.7532324219,5.2632324219,5.1732324219,4.7332324219,3.6832324219,3.9432324219,4.1632324219,3.3232324219,3.4832324219,4.3132324219,4.5632324219,4.7132324219,4.0232324219,4.9832324219,4.1632324219,4.5232324219,3.5532324219,3.8632324219,4.0332324219,2.7132324219,2.3632324219,1.8432324219,1.4832324219,1.6632324219,1.9132324219,2.1832324219,2.4732324219
