data/gribs/gfs_20260102_18z_f000_1767409719614.json
{"header": {"discipline":0,"disciplineName":"Meteorological products","gribEdition":2,"center":7,"centerName":"US National Weather Service - NCEP(WMC)","refTime":"2026-01-02T18:00:00.000Z","parameterCategory":2,"parameterCategoryName":"Momentum","parameterNumber":3,"parameterNumberName":"V-component_of_wind","parameterUnit":"m.s-1","forecastTime":0,"surface1Type":103,"surface1TypeName":"Specified height level above ground","surface1Value":10,"gridDefinitionTemplate":0,"gridDefinitionTemplateName":"Latitude_Longitude","numberPoints":10985,"shape":6,"nx":169,"ny":65,"lo1":-6,"la1":46,"lo2":36,"la2":30,"dx":0.25,"dy":0.25}, "data":
[rows 23 to 45 of 65, columns 0 to 50 of 169]
0.74610351562,2.1261035156,2.0161035156,0.71610351562,-0.80389648438,-0.20389648437,-0.53389648438,-1.5338964844,-1.1538964844,-1.6238964844,-2.1438964844,-1.9338964844,-1.4738964844,-0.20389648437,0.33610351563,0.16610351563,-0.35389648437,-0.33389648438,1.3261035156,2.4461035156,1.3161035156,-0.69389648438,-1.7938964844,-0.78389648438,0.49610351562,0.85610351562,1.8361035156,2.1861035156,2.5761035156,2.9761035156,3.3961035156,3.7761035156,4.0361035156,4.0461035156,3.7961035156,3.4461035156,2.6461035156,1.5961035156,0.74610351562,0.24610351563,0.52610351563,0.85610351562,1.1961035156,1.8861035156,2.3861035156,2.4561035156,2.3861035156,2.2761035156,2.1361035156,1.9961035156,1.8861035156
-0.54389648438,-2.8038964844,-3.6438964844,-3.3238964844,-2.2038964844,-2.2138964844,-2.2038964844,-1.8638964844,-1.3838964844,-2.1938964844,-1.6638964844,-1.2738964844,-0.62389648438,0.056103515625,-0.41389648437,-0.96389648437,-1.6838964844,-1.8238964844,-0.99389648438,0.006103515625,0.076103515625,0.30610351562,-0.25389648438,-0.63389648438,-0.15389648438,0.39610351563,1.2261035156,1.8361035156,2.3161035156,2.9261035156,4.1361035156,5.1261035156,5.5061035156,5.2961035156,5.2261035156,4.8161035156,2.2261035156,1.9361035156,2.1561035156,1.0761035156,0.93610351563,2.1861035156,3.6361035156,4.0761035156,3.8361035156,3.2061035156,2.6361035156,2.4261035156,2.3661035156,2.3961035156,2.3861035156
-1.7438964844,-1.2238964844,-0.95389648437,-0.77389648438,-0.69389648438,-0.88389648438,-1.0238964844,-0.68389648438,-1.1538964844,-1.5638964844,-1.0738964844,-0.77389648438,-0.43389648438,-0.043896484375,0.026103515625,0.14610351563,-0.18389648438,-0.33389648438,-0.24389648438,-0.18389648438,-0.83389648437,-0.69389648438,-0.65389648438,-0.71389648437,1.0661035156,1.7261035156,1.7461035156,1.9861035156,2.9661035156,4.4261035156,5.1961035156,5.5461035156,4.7961035156,4.9061035156,4.3561035156,2.0161035156,2.2061035156,4.8361035156,4.0261035156,4.5261035156,4.6161035156,4.3761035156,4.3661035156,4.1961035156,3.9161035156,3.5261035156,3.1661035156,2.8161035156,2.5061035156,2.2961035156,2.2061035156
2.0661035156,2.2261035156,2.5961035156,0.32610351563,-0.75389648438,-0.61389648437,-0.31389648438,-0.62389648438,-1.1038964844,-0.83389648437,-1.2438964844,-1.6738964844,-0.81389648438,-0.55389648438,-0.74389648438,-0.74389648438,-0.54389648438,-0.47389648437,-0.29389648437,-0.31389648438,-0.093896484375,0.076103515625,-0.25389648438,1.6561035156,2.1961035156,1.8661035156,2.2361035156,3.8561035156,5.1461035156,5.2661035156,5.2461035156,3.2261035156,3.4561035156,4.6261035156,3.1361035156,2.0961035156,1.8061035156,2.4161035156,4.5161035156,4.9461035156,5.0361035156,4.9561035156,4.6861035156,4.3961035156,4.1661035156,3.9461035156,3.7361035156,3.4461035156,3.0661035156,2.6661035156,2.4061035156
1.3861035156,0.86610351562,-0.41389648437,-1.0338964844,-0.55389648438,0.066103515625,0.13610351563,-0.083896484375,-0.54389648438,-0.63389648438,-1.5838964844,-1.6738964844,-1.5638964844,-1.7338964844,0.036103515625,0.31610351562,0.43610351562,0.30610351562,0.16610351563,0.27610351563,0.15610351562,-0.11389648437,0.37610351562,1.1761035156,1.9561035156,1.5361035156,4.4961035156,6.3261035156,6.4661035156,6.5761035156,3.4561035156,3.7061035156,5.3061035156,4.6561035156,3.8561035156,3.5261035156,3.1261035156,3.6961035156,4.3961035156,4.6861035156,4.8561035156,4.9661035156,4.8961035156,4.6661035156,4.3861035156,4.1761035156,3.9761035156,3.7161035156,3.4561035156,3.1661035156,2.8761035156
4.1261035156,5.9361035156,4.3261035156,0.59610351562,0.54610351563,0.29610351562,0.11610351563,-0.28389648437,-0.50389648438,-1.2938964844,-1.4438964844,-1.7338964844,-1.6038964844,-0.48389648437,1.0161035156,0.73610351562,2.3561035156,2.3861035156,2.2461035156,2.0561035156,1.7161035156,1.1961035156,1.6461035156,1.2061035156,1.0261035156,3.3461035156,7.4661035156,7.3661035156,6.5661035156,4.6561035156,3.3161035156,5.1661035156,4.7061035156,4.2361035156,4.0761035156,4.0661035156,4.1561035156,4.3061035156,4.4561035156,4.6161035156,4.6661035156,4.6761035156,4.6161035156,4.4961035156,4.2961035156,4.0661035156,3.8761035156,3.7161035156,3.6161035156,3.4861035156,3.2661035156
8.1161035156,8.5061035156,6.9361035156,1.3361035156,0.33610351563,0.036103515625,0.16610351563,-0.46389648438,-0.63389648438,-1.2038964844,-1.9638964844,-1.9338964844,-0.85389648437,0.12610351562,0.89610351563,1.1261035156,2.8561035156,2.1261035156,1.3761035156,1.1561035156,1.3261035156,2.2961035156,2.5561035156,1.8061035156,1.4361035156,6.0061035156,7.3961035156,6.5461035156,5.8061035156,5.0061035156,4.7861035156,4.5561035156,4.2561035156,4.2361035156,4.3261035156,4.4261035156,4.5061035156,4.5261035156,4.4761035156,4.4361035156,4.4161035156,4.3261035156,4.2161035156,4.0761035156,3.9661035156,3.8061035156,3.6261035156,3.4561035156,3.2961035156,3.1361035156,3.0061035156
8.0261035156,8.1961035156,6.6461035156,1.7561035156,1.4361035156,0.83610351563,0.29610351562,0.016103515625,-0.28389648437,-0.56389648438,-1.2038964844,-1.2038964844,-1.0838964844,-0.40389648438,0.39610351563,-0.023896484375,-0.36389648437,-0.013896484375,0.016103515625,0.43610351562,0.85610351562,0.42610351562,0.066103515625,1.1861035156,4.2661035156,5.3361035156,5.4461035156,5.2861035156,5.0261035156,4.8061035156,4.5061035156,4.1161035156,4.0361035156,4.2861035156,4.5261035156,4.5661035156,4.5761035156,4.5661035156,4.4461035156,4.3461035156,4.2461035156,4.1361035156,3.9461035156,3.7161035156,3.5661035156,3.3861035156,3.1361035156,2.8661035156,2.6261035156,2.4461035156,2.3461035156
6.9061035156,5.7061035156,1.8361035156,0.69610351563,0.78610351563,0.29610351562,-0.90389648438,-1.4238964844,-1.3638964844,-1.8138964844,-1.8038964844,-1.5338964844,-0.98389648437,0.97610351562,0.98610351562,0.30610351562,1.0361035156,-0.76389648438,-0.17389648437,-0.19389648438,-0.14389648437,0.71610351562,2.4161035156,3.4861035156,3.6761035156,3.9161035156,4.1161035156,4.1861035156,4.2561035156,4.2361035156,4.0161035156,3.8861035156,3.9761035156,4.1261035156,4.2661035156,4.2561035156,4.3261035156,4.2061035156,4.0261035156,3.8861035156,3.7361035156,3.6361035156,3.3761035156,3.2361035156,3.1861035156,3.0561035156,2.9061035156,2.6961035156,2.3861035156,2.0461035156,1.7061035156
1.5461035156,0.83610351563,-0.50389648438,-0.59389648437,-0.92389648438,-1.0538964844,-0.70389648437,-0.39389648438,-0.30389648437,-0.22389648438,-0.75389648438,-1.2538964844,-0.19389648438,0.85610351562,0.39610351563,0.66610351563,0.74610351562,0.79610351563,0.34610351563,-0.033896484375,0.50610351562,1.9761035156,3.2661035156,2.9061035156,2.8461035156,3.0161035156,3.1761035156,3.3661035156,3.5161035156,3.4461035156,3.4461035156,3.8361035156,4.1061035156,4.1161035156,4.0861035156,4.1561035156,4.0961035156,3.9361035156,3.7961035156,3.4861035156,3.0761035156,2.6761035156,2.6761035156,2.7661035156,2.6661035156,2.5161035156,2.2961035156,2.0061035156,1.6961035156,1.4161035156,1.2461035156
-1.2538964844,-1.1638964844,-1.6538964844,-1.2638964844,-0.77389648438,-0.73389648437,-0.13389648438,0.11610351563,-0.093896484375,-0.43389648438,-0.42389648437,1.6061035156,0.42610351562,-1.6338964844,-0.25389648438,0.62610351562,0.48610351563,0.44610351563,1.2561035156,1.3961035156,1.5661035156,2.5561035156,2.6561035156,2.2261035156,2.1661035156,2.4361035156,2.7161035156,2.9161035156,2.9461035156,2.7561035156,3.0961035156,3.9161035156,4.2161035156,4.0361035156,3.7461035156,3.5561035156,3.7461035156,3.8361035156,3.6061035156,3.0261035156,2.4361035156,2.3361035156,2.4961035156,2.5461035156,2.3561035156,1.9361035156,1.3961035156,1.0461035156,0.91610351563,0.96610351563,1.1661035156
-2.1438964844,-1.1638964844,-0.34389648438,0.57610351563,1.5061035156,0.87610351562,-0.093896484375,0.27610351563,0.65610351563,-0.21389648438,0.076103515625,0.20610351563,0.18610351562,1.7161035156,1.3561035156,0.26610351563,0.40610351563,0.80610351563,0.72610351562,0.54610351563,0.54610351563,1.0361035156,1.1661035156,1.3061035156,1.4861035156,1.8361035156,1.9361035156,2.1161035156,2.3461035156,2.2361035156,3.0861035156,3.8861035156,3.9561035156,3.5861035156,3.0061035156,2.9061035156,3.4961035156,3.2661035156,3.0961035156,2.6461035156,2.6561035156,2.7961035156,2.3861035156,1.8861035156,1.1661035156,0.56610351563,0.27610351563,0.13610351563,0.25610351562,0.56610351563,0.51610351563
-0.96389648437,-1.0138964844,-0.71389648437,0.086103515625,2.1061035156,2.5261035156,1.5561035156,1.2661035156,1.0461035156,0.94610351563,0.57610351563,1.5761035156,2.0961035156,1.4361035156,0.81610351563,-0.40389648438,-0.27389648438,-1.2938964844,-1.3938964844,-1.0038964844,-0.70389648437,-0.33389648438,0.19610351563,0.66610351563,1.0961035156,1.2061035156,1.1961035156,2.0261035156,2.2361035156,2.5961035156,3.1361035156,3.0861035156,2.9861035156,2.6361035156,1.9761035156,2.4761035156,2.7161035156,3.3561035156,4.3961035156,4.0461035156,4.3961035156,2.4261035156,1.7461035156,0.81610351563,0.16610351563,-0.033896484375,0.006103515625,0.17610351563,0.15610351562,0.64610351563,0.45610351563
1.4261035156,0.20610351563,-0.073896484375,1.0861035156,2.3861035156,2.7061035156,1.8661035156,1.2761035156,2.1961035156,2.9261035156,1.3661035156,-0.84389648437,-0.57389648437,-1.3338964844,-0.94389648438,-2.0338964844,-2.6738964844,-3.7838964844,-2.9038964844,-2.1238964844,-1.4338964844,-0.77389648438,-0.38389648438,-0.15389648438,0.096103515625,-0.13389648438,0.49610351562,0.94610351563,1.1561035156,1.7661035156,1.8361035156,1.8261035156,1.6161035156,1.1661035156,1.6461035156,2.1261035156,1.2761035156,4.2461035156,5.0261035156,5.0361035156,5.4161035156,2.9161035156,3.3361035156,1.6761035156,0.48610351563,-0.12389648438,-0.033896484375,0.056103515625,-0.073896484375,0.75610351562,1.6261035156
3.0361035156,1.9761035156,1.0361035156,1.1661035156,1.0961035156,0.64610351563,-0.36389648437,-2.4438964844,-2.4738964844,-1.7738964844,-2.1838964844,-0.68389648438,-0.073896484375,-2.5038964844,-2.9238964844,-2.9738964844,-4.1238964844,-3.9238964844,-3.0138964844,-2.5338964844,-2.1038964844,-1.6938964844,-1.4238964844,-0.93389648438,-0.70389648437,-0.66389648438,-0.27389648438,-0.90389648438,-0.72389648437,0.15610351562,0.67610351563,0.58610351562,0.15610351562,0.92610351563,3.0161035156,1.5161035156,1.2961035156,3.3361035156,4.0861035156,3.6261035156,3.2961035156,3.0661035156,3.9461035156,3.2961035156,2.3161035156,1.8261035156,1.6661035156,3.1561035156,3.1261035156,3.1161035156,2.1661035156
4.3261035156,2.1961035156,1.3661035156,0.15610351562,-1.4238964844,-2.4538964844,-2.4638964844,-3.0738964844,-3.0338964844,-2.4038964844,-2.2838964844,-1.3838964844,-0.70389648437,-1.5438964844,-2.6538964844,-4.0338964844,-4.9038964844,-4.6638964844,-3.9638964844,-3.4038964844,-2.8338964844,-2.2838964844,-2.0638964844,-1.8338964844,-1.8738964844,-1.1338964844,0.56610351563,0.99610351562,2.4961035156,3.2561035156,3.8661035156,3.0661035156,3.7161035156,3.3661035156,3.2161035156,2.9361035156,3.8661035156,3.8961035156,3.0461035156,3.9661035156,3.3261035156,3.0761035156,2.9761035156,3.0161035156,3.1361035156,3.7861035156,3.5361035156,3.0061035156,2.8861035156,3.2861035156,2.6061035156
0.67610351563,-0.12389648438,0.66610351563,-0.53389648438,-2.1338964844,-3.2438964844,-2.3738964844,-1.4538964844,-1.6038964844,-2.1038964844,-2.0738964844,-2.0038964844,-2.4938964844,-3.0638964844,-3.6138964844,-4.3938964844,-4.8738964844,-4.6438964844,-4.3938964844,-3.9138964844,-2.9838964844,-2.4638964844,-2.7238964844,-2.8238964844,-1.3538964844,2.9261035156,3.8761035156,2.9861035156,1.6361035156,0.56610351563,0.60610351562,-0.26389648438,-0.51389648438,0.006103515625,1.9861035156,2.8861035156,2.9761035156,3.6161035156,3.7561035156,4.1661035156,2.7861035156,2.7561035156,2.8161035156,2.5861035156,2.4561035156,3.1161035156,2.8761035156,2.8261035156,3.2761035156,2.4761035156,2.9761035156
1.9961035156,-0.83389648437,-2.2838964844,-1.5638964844,-2.5638964844,-2.4838964844,-1.6638964844,-1.2738964844,-1.3138964844,-2.1738964844,-2.8538964844,-2.8738964844,-2.7538964844,-2.9038964844,-3.3038964844,-3.6638964844,-3.6238964844,-3.3538964844,-2.8738964844,-2.5238964844,-2.0738964844,-1.6338964844,-1.1538964844,-1.0838964844,0.45610351563,2.4561035156,2.4761035156,1.8661035156,2.2861035156,3.5261035156,5.2261035156,3.5161035156,3.7761035156,4.0161035156,4.4861035156,2.7561035156,2.9961035156,3.4761035156,2.6561035156,2.0661035156,2.2461035156,2.6961035156,2.7561035156,3.4261035156,3.6461035156,3.2561035156,2.5261035156,3.0461035156,1.9661035156,2.7161035156,2.5161035156
-0.78389648438,0.066103515625,0.47610351563,-0.27389648438,-1.1838964844,-1.3738964844,-1.2338964844,-1.3338964844,-1.3838964844,-1.9438964844,-2.8538964844,-2.7138964844,-2.0838964844,-2.1238964844,-2.6238964844,-3.0038964844,-2.8138964844,-2.1438964844,-1.5338964844,-0.94389648438,-0.20389648437,-0.22389648438,-0.13389648438,-0.91389648438,2.9461035156,4.0661035156,3.4261035156,5.1161035156,4.2261035156,3.2761035156,3.2461035156,3.2661035156,2.7161035156,2.7261035156,1.4161035156,0.67610351563,-0.27389648438,-1.6938964844,-0.91389648438,-0.18389648438,-0.40389648438,-0.47389648437,0.27610351563,0.53610351563,1.3261035156,2.8361035156,3.4261035156,3.6861035156,3.4361035156,3.4961035156,2.7961035156
-1.1738964844,-0.21389648438,0.12610351562,0.15610351562,0.11610351563,-0.90389648438,-0.53389648438,-0.63389648438,-1.3238964844,-1.2438964844,-1.6138964844,-1.5638964844,-0.73389648437,-1.2738964844,-2.1238964844,-2.7638964844,-2.4938964844,-0.18389648438,3.3961035156,2.5161035156,-0.023896484375,-0.56389648438,2.2861035156,4.1661035156,7.3661035156,5.9161035156,3.5861035156,4.4561035156,4.1561035156,3.5161035156,4.5061035156,4.6861035156,3.6361035156,3.9461035156,3.3961035156,2.5461035156,0.64610351563,-0.22389648438,0.75610351562,0.43610351562,-0.39389648438,-0.54389648438,0.37610351562,0.99610351562,0.59610351562,-0.053896484375,1.0061035156,2.1961035156,3.9561035156,4.4961035156,3.8961035156
0.53610351563,-0.37389648438,-0.79389648438,-0.74389648438,-0.083896484375,-0.68389648438,-0.053896484375,0.78610351563,0.34610351563,-0.093896484375,-1.4338964844,0.026103515625,0.64610351563,-0.023896484375,-0.25389648438,-0.95389648437,0.36610351562,2.9161035156,1.7161035156,2.0661035156,1.2561035156,3.6261035156,6.9061035156,8.6361035156,4.5761035156,3.9261035156,4.4461035156,4.8361035156,4.0161035156,4.7361035156,8.7961035156,7.6261035156,4.9661035156,3.1461035156,2.5061035156,2.7461035156,3.0161035156,2.4261035156,1.7861035156,1.1761035156,1.4661035156,0.71610351562,1.5261035156,3.3761035156,3.9061035156,3.3761035156,1.7761035156,0.94610351563,1.3161035156,2.4561035156,3.0861035156
2.2161035156,0.30610351562,-0.99389648438,-1.1438964844,-2.4538964844,-0.88389648438,0.20610351563,0.006103515625,-0.28389648437,-1.0738964844,-0.89389648438,0.64610351563,-0.53389648438,-0.76389648438,0.13610351563,0.45610351563,4.1561035156,5.0461035156,2.8561035156,3.3561035156,3.5161035156,5.3561035156,8.7361035156,9.9561035156,3.6261035156,5.6961035156,8.1761035156,6.8561035156,6.2861035156,8.1761035156,8.0161035156,5.3261035156,5.4661035156,4.4761035156,3.3561035156,3.6961035156,4.0361035156,3.2861035156,4.4661035156,4.6461035156,4.1961035156,3.7361035156,3.4861035156,3.9761035156,2.5561035156,2.0261035156,0.93610351563,-0.19389648438,-1.2538964844,-0.87389648438,-0.17389648437
1.3861035156,0.35610351563,0.026103515625,-0.073896484375,0.14610351563,0.65610351563,-0.20389648437,-0.023896484375,0.21610351562,0.096103515625,0.51610351563,1.8661035156,0.56610351563,0.076103515625,1.7061035156,7.2861035156,10.766103516,9.0061035156,5.4561035156,9.0761035156,9.0661035156,9.0661035156,12.256103516,11.486103516,8.5961035156,8.9761035156,8.3661035156,8.7761035156,8.4261035156,8.6161035156,5.7061035156,4.6061035156,4.2061035156,4.5261035156,5.4961035156,5.1261035156,4.0061035156,4.9361035156,5.4061035156,5.3561035156,4.1461035156,3.4561035156,2.9961035156,0.89610351563,0.28610351563,-0.26389648438,0.066103515625,-0.23389648437,-1.0038964844,-1.9838964844,-2.0238964844
