data/gribs/gfs_20260102_18z_f000_1767409761136.json
{"header": {"discipline":0,"disciplineName":"Meteorological products","gribEdition":2,"center":7,"centerName":"US National Weather Service - NCEP(WMC)","refTime":"2026-01-02T18:00:00.000Z","parameterCategory":2,"parameterCategoryName":"Momentum","parameterNumber":2,"parameterNumberName":"U-component_of_wind","parameterUnit":"m.s-1","forecastTime":0,"surface1Type":103,"surface1TypeName":"Specified height level above ground","surface1Value":10,"gridDefinitionTemplate":0,"gridDefinitionTemplateName":"Latitude_Longitude","numberPoints":8833,"shape":6,"nx":121,"ny":73,"lo1":-90,"la1":28,"lo2":-60,"la2":10,"dx":0.25,"dy":0.25}, "data":
[rows 44 to 65 of 73, columns 0 to 49 of 121]
-1.0867675781,-1.0567675781,-0.38676757813,-0.45676757813,-0.94676757813,-1.5067675781,-1.5167675781,-1.5867675781,-1.0567675781,-3.8767675781,-4.4667675781,-4.9467675781,-4.8467675781,-5.1167675781,-4.9167675781,-4.3067675781,-4.0867675781,-4.0967675781,-3.7867675781,-3.3067675781,-3.0667675781,-2.7667675781,-3.0967675781,-2.7467675781,-3.1767675781,-3.2867675781,-3.3767675781,-3.9967675781,-3.9067675781,-3.3667675781,-3.4167675781,-2.8767675781,-2.1267675781,-2.5967675781,-1.9667675781,-1.8167675781,-2.6667675781,-3.5167675781,-3.7167675781,-4.0167675781,-4.0667675781,-3.8067675781,-3.3567675781,-3.3867675781,-3.1067675781,-2.2867675781,-2.2667675781,-3.6667675781,-4.4667675781,-6.9667675781
-1.5767675781,-1.4867675781,0.51323242187,-1.1267675781,-1.6167675781,-1.3467675781,-0.96676757813,-1.6167675781,-2.0367675781,-4.0067675781,-5.4067675781,-5.2767675781,-4.7467675781,-4.3267675781,-4.2067675781,-4.1667675781,-4.0667675781,-3.9367675781,-3.6667675781,-3.2667675781,-3.2067675781,-2.7567675781,-2.5067675781,-2.9867675781,-2.6667675781,-2.7267675781,-2.7267675781,-2.9467675781,-4.0467675781,-3.6667675781,-3.0267675781,-2.8567675781,-2.8867675781,-2.8867675781,-2.5767675781,-2.3967675781,-2.1267675781,-1.8767675781,-1.8567675781,-2.1167675781,-2.9367675781,-3.2967675781,-3.4067675781,-3.4767675781,-3.3067675781,-2.6667675781,-3.3467675781,-4.8367675781,-5.8667675781,-7.0767675781
-1.1367675781,-1.2467675781,-0.89676757812,-1.9167675781,-1.6167675781,-0.96676757813,-0.046767578125,-0.35676757812,-1.3067675781,-2.9867675781,-4.8767675781,-5.1667675781,-4.9467675781,-4.5467675781,-4.1367675781,-3.9467675781,-3.8767675781,-3.7867675781,-3.4967675781,-3.0767675781,-3.1267675781,-2.5667675781,-1.1867675781,-2.1867675781,-2.3467675781,-1.6467675781,-2.0567675781,-1.6567675781,-2.6567675781,-3.1467675781,-2.8367675781,-2.0767675781,-2.5667675781,-2.7267675781,-2.8667675781,-2.6467675781,-2.9067675781,-1.6867675781,-1.1067675781,-1.1767675781,-1.0767675781,-2.5567675781,-3.1967675781,-3.3467675781,-3.3567675781,-3.5367675781,-3.8967675781,-5.5967675781,-5.8867675781,-6.2867675781
-1.6967675781,-1.8667675781,-1.7167675781,-2.1267675781,-1.7767675781,-0.79676757812,0.54323242187,1.8632324219,0.29323242187,-0.40676757813,-3.1167675781,-5.0867675781,-5.2267675781,-5.0167675781,-4.6567675781,-4.2267675781,-3.6167675781,-3.2167675781,-3.1567675781,-2.6267675781,-2.1867675781,-1.9667675781,-1.3867675781,-1.8467675781,-2.3467675781,-0.76676757813,-1.5567675781,-1.6167675781,-1.7767675781,-2.3467675781,-2.2867675781,-2.2867675781,-1.9467675781,-2.0667675781,-2.3367675781,-1.9567675781,-1.9667675781,-1.8067675781,-1.0567675781,-0.78676757812,-0.39676757813,-1.0667675781,-2.6867675781,-3.1467675781,-2.9967675781,-3.2267675781,-4.0967675781,-5.5967675781,-5.3967675781,-5.8367675781
-1.8567675781,-1.5667675781,-1.9267675781,-1.4267675781,-0.86676757813,-0.066767578125,1.9732324219,2.4132324219,0.87323242188,-1.5067675781,-1.9467675781,-3.7367675781,-5.0367675781,-5.0767675781,-4.2567675781,-3.8567675781,-3.2367675781,-3.2867675781,-2.9567675781,-2.0067675781,-1.1867675781,-1.3567675781,-1.6867675781,-1.4667675781,-1.6067675781,-0.84676757813,-0.95676757813,-1.8767675781,-1.5167675781,-1.3767675781,-1.4467675781,-1.5167675781,-2.0167675781,-1.9367675781,-1.9767675781,-1.5067675781,-1.2067675781,-1.5467675781,-1.2967675781,-0.83676757813,-0.35676757812,-0.56676757813,-1.8467675781,-2.7167675781,-2.9367675781,-3.6367675781,-4.5867675781,-5.1867675781,-5.2567675781,-5.5467675781
-1.6267675781,-1.1367675781,-1.0967675781,-1.5767675781,-0.76676757813,-0.89676757812,0.39323242188,-0.056767578125,1.2232324219,-0.91676757812,-1.2167675781,-1.4967675781,-2.4167675781,-2.0267675781,-1.1467675781,-0.70676757813,-1.2367675781,-0.88676757813,-0.65676757812,-0.33676757813,-0.64676757812,-0.72676757813,-0.69676757813,-0.84676757813,-0.46676757813,-0.96676757813,-0.77676757812,-0.75676757813,-1.2867675781,-0.60676757813,-0.78676757812,-0.82676757813,-1.3167675781,-1.8067675781,-2.0767675781,-1.6867675781,-1.2067675781,-1.1467675781,-1.0967675781,-0.94676757813,-0.70676757813,-0.64676757812,-1.2767675781,-2.6567675781,-3.1667675781,-4.4167675781,-4.8967675781,-4.8467675781,-5.2067675781,-5.2267675781
-2.1067675781,-1.4767675781,-1.3967675781,-1.5567675781,0.60323242188,1.0732324219,0.083232421875,-0.10676757812,-1.9367675781,0.96323242188,0.39323242188,-0.26676757813,-0.096767578125,-0.71676757813,-1.2467675781,-0.24676757812,-0.16676757813,-0.61676757813,-0.026767578125,0.19323242188,-1.0167675781,-1.0667675781,-0.53676757812,-0.55676757812,-0.50676757813,-0.40676757813,-0.93676757812,-0.14676757812,-0.34676757813,-0.47676757813,-0.51676757812,-0.48676757812,-0.57676757813,-1.2867675781,-2.3167675781,-2.0367675781,-1.4867675781,-1.1567675781,-0.81676757813,-0.59676757813,-0.73676757813,-0.94676757813,-1.2967675781,-2.3867675781,-2.9967675781,-4.1567675781,-4.6267675781,-4.6767675781,-5.0967675781,-5.2667675781
-1.5167675781,-1.1367675781,-1.2467675781,-1.3467675781,0.58323242188,0.033232421875,-0.88676757813,-1.1267675781,-1.0067675781,1.1032324219,0.53323242187,-0.45676757813,-0.21676757812,-0.35676757812,-0.14676757812,-0.22676757813,-0.73676757813,0.053232421875,-0.056767578125,-0.39676757813,-1.2667675781,-1.0667675781,-0.47676757813,-0.44676757813,-0.41676757812,-0.12676757813,-0.38676757813,-0.13676757813,0.043232421875,-0.11676757813,-0.23676757813,-0.17676757812,0.043232421875,-0.72676757813,-2.0867675781,-2.1867675781,-1.5867675781,-1.2967675781,-0.94676757813,-0.51676757812,-0.59676757813,-0.84676757813,-1.4467675781,-2.2367675781,-2.7067675781,-3.3167675781,-4.0467675781,-4.6967675781,-4.7567675781,-5.1667675781
-0.096767578125,-1.6067675781,-1.2767675781,-0.53676757812,-0.76676757813,-0.66676757812,-0.56676757813,-0.45676757813,-0.78676757812,0.76323242188,0.32323242188,1.4532324219,-0.036767578125,-0.75676757813,-0.75676757813,-0.44676757813,-0.71676757813,-0.19676757813,-1.0767675781,-0.83676757813,-2.1567675781,-0.60676757813,-0.49676757812,-0.32676757813,0.10323242188,0.32323242188,-0.036767578125,-0.41676757812,-0.32676757813,0.32323242188,0.093232421875,0.15323242187,0.29323242187,-0.51676757812,-1.6767675781,-2.1267675781,-1.5467675781,-1.1767675781,-1.1367675781,-0.87676757813,-0.71676757813,-0.85676757813,-1.2067675781,-2.1867675781,-2.6767675781,-2.9067675781,-3.2667675781,-4.3267675781,-4.5667675781,-4.8867675781
-0.21676757812,-0.87676757813,-0.31676757813,0.13323242188,-0.69676757813,-0.24676757812,-0.43676757812,-0.27676757813,0.78323242187,-0.48676757812,-0.24676757812,0.46323242188,0.72323242188,-0.76676757813,-1.1167675781,-1.0767675781,-0.59676757813,-0.87676757813,-1.4267675781,-0.75676757813,-1.5067675781,-0.60676757813,-0.42676757812,-0.50676757813,0.12323242187,0.75323242188,0.11323242188,-1.0967675781,-0.55676757812,0.38323242188,0.29323242187,0.44323242188,0.65323242187,-0.17676757812,-1.7467675781,-2.0567675781,-1.5767675781,-1.0067675781,-1.0167675781,-1.2467675781,-0.99676757813,-1.3167675781,-1.3767675781,-1.8367675781,-2.5767675781,-3.0867675781,-3.1467675781,-3.5067675781,-4.2567675781,-4.9367675781
-1.7567675781,-1.4067675781,0.27323242188,0.14323242188,-0.036767578125,-0.44676757813,0.74323242188,-0.71676757813,0.033232421875,-0.31676757813,0.21323242187,-1.5267675781,0.99323242188,-1.3067675781,-1.6467675781,-1.4567675781,-1.3567675781,0.25323242188,-1.5667675781,-1.0067675781,-0.72676757813,-0.70676757813,-0.60676757813,-0.73676757813,-0.026767578125,0.55323242187,0.44323242188,-0.86676757813,-0.54676757812,0.16323242188,0.51323242187,0.50323242188,0.53323242187,-0.19676757813,-1.7467675781,-1.8967675781,-1.7567675781,-1.0867675781,-0.97676757813,-1.6067675781,-1.1867675781,-1.2667675781,-1.8967675781,-1.7767675781,-2.0267675781,-2.5167675781,-2.9967675781,-3.3967675781,-4.1167675781,-4.8967675781
-0.69676757813,-0.90676757812,1.6532324219,1.4032324219,0.54323242187,-0.18676757812,0.78323242187,0.18323242187,-0.78676757812,-0.75676757813,0.31323242188,-1.5067675781,0.39323242188,-1.0767675781,-1.2167675781,-1.0867675781,-1.2667675781,-0.43676757812,-1.4867675781,-1.2767675781,-0.49676757812,-0.45676757813,-0.57676757813,-0.71676757813,-0.34676757813,0.17323242188,0.45323242188,-1.0267675781,-0.68676757812,-0.20676757813,0.79323242187,0.55323242187,0.18323242187,-0.57676757813,-1.6467675781,-1.9867675781,-2.2267675781,-1.1867675781,-1.1067675781,-1.8367675781,-1.3567675781,-1.0167675781,-2.0167675781,-1.9767675781,-1.9767675781,-1.9867675781,-2.3967675781,-3.5467675781,-4.2667675781,-4.4567675781
-0.006767578125,-0.26676757813,0.42323242187,1.1132324219,1.5432324219,1.8032324219,0.93323242187,1.9832324219,0.57323242188,-1.0167675781,0.50323242188,-1.1767675781,-1.3967675781,-1.0367675781,-1.5567675781,-1.3167675781,-1.6367675781,-1.3067675781,-1.9667675781,-0.71676757813,-0.35676757812,-0.58676757813,-0.49676757812,-0.66676757812,-0.38676757813,-0.22676757813,0.023232421875,-2.0267675781,-0.78676757812,-0.27676757813,0.51323242187,0.29323242187,-0.14676757812,-0.75676757813,-1.5367675781,-2.1967675781,-2.4567675781,-1.2967675781,-1.1467675781,-1.6967675781,-1.4567675781,-1.3567675781,-1.6367675781,-2.0367675781,-2.1767675781,-1.9167675781,-2.0867675781,-3.2867675781,-4.1167675781,-4.3867675781
3.6232324219,2.0832324219,-0.036767578125,0.46323242188,0.98323242188,1.3332324219,0.94323242188,1.5232324219,-0.096767578125,-0.47676757813,0.52323242187,-0.62676757813,-2.0867675781,-0.87676757813,-0.94676757813,-2.1967675781,-2.3467675781,-1.3267675781,-1.1567675781,-0.50676757813,-0.57676757813,-0.95676757813,-1.0067675781,-0.61676757813,-0.62676757813,-0.32676757813,-0.71676757813,-1.7167675781,-0.73676757813,-0.006767578125,0.14323242188,0.023232421875,-0.39676757813,-0.89676757812,-1.4667675781,-2.1967675781,-2.3167675781,-1.5567675781,-1.2667675781,-1.5867675781,-1.4567675781,-1.6167675781,-1.7367675781,-1.8367675781,-2.2467675781,-2.2067675781,-2.4467675781,-3.3067675781,-3.6767675781,-4.2967675781
1.8932324219,2.7432324219,2.6032324219,2.2332324219,0.89323242188,0.19323242188,0.78323242187,0.063232421875,-0.13676757813,-0.62676757813,0.12323242187,-1.1467675781,-1.2167675781,-1.1267675781,-2.2967675781,-2.6867675781,-2.1367675781,-0.57676757813,-1.4167675781,0.13323242188,-1.4767675781,-1.2467675781,-1.3667675781,-0.60676757813,-0.61676757813,-0.66676757812,-1.4567675781,-1.0767675781,-0.60676757813,0.24323242187,0.23323242188,0.033232421875,-0.59676757813,-1.4267675781,-1.5167675781,-2.1767675781,-2.1367675781,-1.8367675781,-1.4567675781,-1.6767675781,-1.4067675781,-1.9067675781,-2.2367675781,-2.1167675781,-2.1567675781,-1.9067675781,-3.0267675781,-3.3567675781,-3.4167675781,-4.2067675781
0.14323242188,0.84323242188,1.4132324219,2.2532324219,1.7632324219,-0.16676757813,1.5532324219,0.15323242187,-0.73676757813,-1.7467675781,1.3332324219,0.78323242187,1.0532324219,-0.82676757813,-1.3367675781,-2.0867675781,-1.6967675781,-0.52676757812,-2.1767675781,-0.056767578125,-2.3667675781,-1.4767675781,-1.3867675781,-0.78676757812,-0.56676757813,-1.0367675781,-1.9567675781,-0.42676757812,-0.58676757813,0.013232421875,0.083232421875,0.22323242188,-0.40676757813,-1.4767675781,-1.9667675781,-2.3167675781,-2.1667675781,-1.9167675781,-1.6767675781,-1.7567675781,-1.3567675781,-2.0167675781,-2.4867675781,-2.4567675781,-2.2467675781,-2.3767675781,-3.3367675781,-3.4267675781,-3.4867675781,-3.9967675781
-2.1267675781,-1.6467675781,-1.0567675781,-0.19676757813,0.023232421875,-0.056767578125,0.42323242187,-1.1767675781,-3.8067675781,-2.5767675781,0.49323242187,0.85323242188,0.23323242188,-0.51676757812,0.27323242188,-1.1267675781,-1.3367675781,-1.8967675781,-2.0167675781,-1.7767675781,-2.8567675781,-1.1867675781,-1.1067675781,-0.96676757813,-0.71676757813,-1.1567675781,-0.84676757813,0.053232421875,-0.37676757813,-0.29676757812,-0.32676757813,0.073232421875,-0.46676757813,-1.4367675781,-2.5067675781,-2.4467675781,-2.1767675781,-1.7467675781,-1.6767675781,-1.7767675781,-1.3467675781,-1.8267675781,-2.5467675781,-2.8767675781,-2.8667675781,-3.0467675781,-3.2267675781,-3.3767675781,-3.5967675781,-4.1067675781
-3.2267675781,-3.2867675781,-3.1367675781,-2.0267675781,-0.30676757812,0.69323242188,-0.68676757812,-2.4167675781,-2.8667675781,0.48323242187,0.89323242188,-0.88676757813,-1.3367675781,-1.0767675781,0.62323242188,-1.3867675781,-3.4167675781,-3.7967675781,-4.2967675781,-4.4967675781,-3.0867675781,-1.0867675781,-1.8367675781,-1.1567675781,-0.85676757813,-1.0967675781,-1.5967675781,0.15323242187,-0.14676757812,-0.32676757813,-0.44676757813,-0.54676757812,-0.80676757812,-1.5967675781,-2.6567675781,-2.4167675781,-1.9767675781,-1.5867675781,-1.7267675781,-1.8367675781,-1.4867675781,-1.6667675781,-2.4467675781,-3.0267675781,-3.0467675781,-3.0667675781,-3.0367675781,-3.3667675781,-3.6267675781,-4.1067675781
-3.4667675781,-3.0467675781,-2.9967675781,-2.8267675781,-2.5567675781,-2.9267675781,-3.2967675781,-3.3467675781,-2.4867675781,-0.58676757813,0.97323242188,1.7732324219,0.11323242188,-1.8867675781,0.10323242188,-0.92676757812,-3.7267675781,-3.8567675781,-5.2367675781,-4.9567675781,-2.8267675781,-2.0667675781,-2.6267675781,-1.2167675781,-0.91676757812,-1.2367675781,-1.8367675781,-0.14676757812,-0.62676757813,-0.47676757813,-0.55676757812,-1.2967675781,-1.3267675781,-1.6867675781,-2.5567675781,-2.2767675781,-1.7667675781,-1.5967675781,-1.8067675781,-1.8767675781,-1.6567675781,-1.5367675781,-2.2267675781,-2.8267675781,-2.7167675781,-2.9467675781,-2.9967675781,-3.1767675781,-3.6167675781,-4.1467675781
-3.2067675781,-2.7567675781,-3.4467675781,-4.3367675781,-4.3867675781,-4.0867675781,-3.9567675781,-3.2467675781,-2.3667675781,-1.4467675781,-0.66676757812,-0.38676757813,-0.17676757812,-3.1767675781,-2.2967675781,-2.8767675781,-4.0867675781,-4.6067675781,-6.2067675781,-5.5767675781,-3.5267675781,-3.0367675781,-2.5267675781,-0.73676757813,-1.2167675781,-1.5967675781,-1.4567675781,-0.49676757812,-1.0367675781,-0.85676757813,-0.94676757813,-1.3267675781,-1.8267675781,-1.7967675781,-2.5267675781,-2.2167675781,-1.7067675781,-1.7267675781,-1.8467675781,-1.7067675781,-1.6867675781,-1.6867675781,-2.0467675781,-2.2467675781,-2.5267675781,-3.0067675781,-2.9667675781,-2.9467675781,-3.5767675781,-4.1767675781
-2.7067675781,-3.0067675781,-3.4267675781,-3.1267675781,-2.5067675781,-3.2267675781,-4.0967675781,-3.6667675781,-2.9767675781,-2.5267675781,-2.8467675781,-1.9467675781,-0.90676757812,-2.0767675781,-4.5567675781,-4.9667675781,-6.0767675781,-7.5567675781,-6.6467675781,-5.8267675781,-5.0167675781,-3.9867675781,-2.4067675781,-0.78676757812,-1.3167675781,-1.2767675781,-0.88676757813,-0.99676757813,-1.4167675781,-1.4267675781,-1.0967675781,-1.5967675781,-1.9667675781,-1.6167675781,-2.3867675781,-2.2367675781,-1.6667675781,-1.8067675781,-1.7967675781,-1.4067675781,-1.7267675781,-2.0067675781,-2.0267675781,-1.8667675781,-2.4967675781,-2.7767675781,-2.6367675781,-2.9367675781,-3.6767675781,-3.9867675781
-2.7567675781,-2.9567675781,-2.7967675781,-2.4467675781,-2.6767675781,-3.1067675781,-2.8867675781,-3.4367675781,-3.4767675781,-3.8767675781,-3.6667675781,-2.3167675781,-0.37676757813,0.61323242188,-4.3267675781,-4.8167675781,-6.4467675781,-8.1167675781,-7.8067675781,-7.0867675781,-6.1167675781,-4.6467675781,-2.5867675781,-2.5767675781,-1.1167675781,-1.0167675781,-0.31676757813,-1.2467675781,-1.5267675781,-1.4967675781,-1.7167675781,-2.0267675781,-1.7767675781,-1.6867675781,-2.1367675781,-2.1167675781,-1.7567675781,-1.7767675781,-1.5767675781,-1.2267675781,-1.8967675781,-2.2467675781,-2.0267675781,-1.8467675781,-2.3567675781,-2.6167675781,-2.2667675781,-2.7667675781,-3.5467675781,-3.6167675781
