data/gribs/gfs_20260102_18z_f000_1767409719614.json
{"header": {"discipline":0,"disciplineName":"Meteorological products","gribEdition":2,"center":7,"centerName":"US National Weather Service - NCEP(WMC)","refTime":"2026-01-02T18:00:00.000Z","parameterCategory":2,"parameterCategoryName":"Momentum","parameterNumber":3,"parameterNumberName":"V-component_of_wind","parameterUnit":"m.s-1","forecastTime":0,"surface1Type":103,"surface1TypeName":"Specified height level above ground","surface1Value":10,"gridDefinitionTemplate":0,"gridDefinitionTemplateName":"Latitude_Longitude","numberPoints":10985,"shape":6,"nx":169,"ny":65,"lo1":-6,"la1":46,"lo2":36,"la2":30,"dx":0.25,"dy":0.25}, "data":
[rows 0 to 22 of 65, columns 51 to 101 of 169]
1.3461035156,0.68610351563,-1.3038964844,-1.7338964844,-1.8238964844,-1.8738964844,-2.0138964844,-2.2038964844,-2.0438964844,-1.8838964844,-1.8838964844,-1.0738964844,-1.1338964844,-1.4638964844,-1.5538964844,-1.5138964844,-0.49389648438,-0.78389648438,-0.49389648438,-1.2738964844,-0.96389648437,-1.0738964844,-1.4038964844,-1.4638964844,-1.6738964844,-1.0538964844,-0.65389648438,-0.77389648438,-0.48389648437,-0.37389648438,-0.39389648438,-0.83389648437,-1.2238964844,-1.1738964844,-1.0538964844,-0.99389648438,-0.96389648437,-0.82389648438,-1.2838964844,-1.8238964844,-1.8938964844,-2.0738964844,-2.6638964844,-3.2238964844,-3.8838964844,-3.1938964844,-1.9838964844,-2.1738964844,-2.1638964844,-2.3038964844,-2.1138964844
-0.41389648437,-0.20389648437,-0.16389648438,-1.1138964844,-2.7438964844,-1.3438964844,-1.5338964844,-1.6938964844,-1.5538964844,-1.3038964844,-0.87389648438,-1.2938964844,-1.5338964844,-1.3738964844,-1.3638964844,-1.5938964844,-1.5938964844,-0.55389648438,-1.4838964844,-0.59389648437,-1.2538964844,-1.4038964844,-1.8838964844,-2.0238964844,-1.7338964844,-1.4738964844,-1.8738964844,-2.3138964844,-1.1738964844,-0.12389648438,0.27610351563,0.75610351562,-0.47389648437,-0.92389648438,-1.3338964844,-1.4638964844,-1.5638964844,-0.96389648437,-0.98389648437,-1.9438964844,-1.6338964844,-2.4038964844,-1.6638964844,-1.8138964844,-3.0238964844,-1.6738964844,-1.0738964844,-1.4838964844,-2.1738964844,-2.6238964844,-3.8638964844
-0.003896484375,-0.38389648438,-3.0238964844,-5.0138964844,-3.5138964844,-1.2138964844,-0.74389648438,-0.74389648438,-0.013896484375,0.50610351562,0.39610351563,0.25610351562,-0.11389648437,-0.70389648437,-0.80389648438,0.086103515625,1.6561035156,0.29610351562,-0.26389648438,-1.3138964844,-1.7938964844,-1.7738964844,-2.1538964844,-2.5138964844,-2.9938964844,-3.4338964844,-3.5938964844,-2.4838964844,0.036103515625,1.3761035156,2.0861035156,2.1461035156,2.3861035156,1.5561035156,0.26610351563,0.21610351562,0.26610351563,0.65610351563,0.79610351563,1.5361035156,0.94610351563,2.0761035156,2.3861035156,1.8561035156,2.1761035156,1.0061035156,-0.44389648438,-1.7738964844,-1.6438964844,-1.7438964844,-2.7038964844
-2.5238964844,-3.8838964844,-3.5038964844,-1.0438964844,-0.093896484375,0.18610351562,-0.033896484375,-0.093896484375,0.036103515625,0.016103515625,-0.053896484375,-0.28389648437,-0.36389648437,-0.17389648437,-0.053896484375,0.086103515625,0.18610351562,0.006103515625,-0.57389648437,-1.5238964844,-1.8338964844,-2.3538964844,-2.6638964844,-2.9438964844,-3.2038964844,-2.9838964844,-2.6638964844,-1.1438964844,1.1261035156,0.53610351563,-0.90389648438,2.9961035156,2.9961035156,4.8061035156,3.7961035156,2.8261035156,2.4361035156,2.2261035156,1.4561035156,1.0761035156,1.8661035156,1.4061035156,0.036103515625,0.32610351563,0.97610351562,0.93610351563,1.0661035156,1.1361035156,1.3861035156,1.3161035156,1.2261035156
0.15610351562,1.0161035156,-1.0538964844,0.26610351563,0.38610351563,0.036103515625,-0.093896484375,-0.003896484375,0.11610351563,0.33610351563,0.51610351563,0.34610351563,0.26610351563,0.33610351563,0.43610351562,0.54610351563,0.62610351562,0.14610351563,-0.54389648438,-1.1038964844,-1.4538964844,-1.4238964844,-1.2338964844,-1.0938964844,-0.98389648437,-0.10389648438,0.67610351563,2.0961035156,2.7161035156,1.6661035156,3.1461035156,3.3661035156,2.6961035156,3.3261035156,3.2961035156,3.1761035156,2.5461035156,1.4661035156,1.7961035156,3.0861035156,2.2661035156,1.5061035156,2.1561035156,2.6461035156,2.0961035156,1.8061035156,2.2361035156,2.5261035156,1.9661035156,1.7561035156,1.6161035156
0.83610351563,1.1861035156,0.16610351563,1.0261035156,0.59610351562,0.54610351563,0.43610351562,0.26610351563,0.11610351563,0.59610351562,2.0161035156,1.9661035156,1.1961035156,0.43610351562,0.28610351563,0.61610351562,0.74610351562,0.43610351562,-0.12389648438,-0.78389648438,-1.1738964844,-1.3638964844,-1.4938964844,-0.073896484375,2.0361035156,3.0661035156,3.5261035156,3.2761035156,2.5361035156,2.3961035156,2.5961035156,2.9361035156,5.2061035156,3.3661035156,2.4161035156,3.2761035156,2.7561035156,2.5761035156,3.2261035156,2.3061035156,1.6861035156,3.0061035156,3.3161035156,3.6761035156,3.4261035156,3.6161035156,2.6561035156,3.1961035156,3.2461035156,2.6061035156,2.8461035156
-1.3338964844,-1.3538964844,0.55610351563,0.65610351563,0.90610351563,0.95610351563,-0.31389648438,-1.1438964844,-1.9538964844,-1.2238964844,1.6961035156,3.3861035156,3.4461035156,3.7161035156,2.1561035156,0.18610351562,-0.46389648438,0.75610351562,0.46610351563,-0.87389648438,-1.8938964844,-1.6138964844,1.8961035156,5.4161035156,5.1861035156,3.2861035156,2.0561035156,0.87610351562,1.1361035156,2.4361035156,3.2461035156,3.8561035156,5.6361035156,6.5461035156,3.6461035156,2.8961035156,2.6861035156,3.2961035156,3.1061035156,3.1961035156,3.1161035156,2.7761035156,2.8861035156,4.0661035156,3.8961035156,3.1061035156,2.5461035156,2.0061035156,1.5961035156,2.0661035156,2.5261035156
-4.2238964844,-2.7538964844,2.7761035156,3.0961035156,2.3861035156,0.16610351563,-1.6238964844,-3.8138964844,-5.6238964844,-1.1038964844,5.6561035156,6.6161035156,4.6061035156,4.0161035156,2.9761035156,3.6661035156,3.2361035156,1.9261035156,3.5061035156,3.8961035156,2.7861035156,3.3961035156,3.5361035156,2.6861035156,1.2161035156,0.13610351563,1.7661035156,3.5961035156,5.2861035156,6.0561035156,6.0961035156,7.0261035156,6.8961035156,4.9661035156,3.9961035156,1.5561035156,2.5161035156,3.7761035156,3.5661035156,3.7561035156,3.1961035156,3.2661035156,3.2761035156,2.1861035156,1.4161035156,2.2861035156,2.5961035156,2.5561035156,2.5961035156,2.0461035156,2.0361035156
-2.2238964844,-2.5138964844,-3.1738964844,-3.3038964844,-2.5238964844,-1.9038964844,-3.2238964844,-5.2338964844,-3.5638964844,2.3761035156,10.246103516,9.9061035156,8.1761035156,6.1261035156,2.2161035156,2.0561035156,2.6861035156,4.5461035156,5.4561035156,5.4161035156,5.2561035156,3.2961035156,0.86610351562,0.97610351562,1.9561035156,3.9761035156,6.1261035156,8.2861035156,8.7261035156,8.6361035156,8.1561035156,6.4761035156,4.8061035156,4.5561035156,5.0961035156,4.1061035156,2.7161035156,1.5561035156,2.5161035156,3.6261035156,4.0861035156,4.2561035156,4.8961035156,4.4861035156,2.9061035156,2.4361035156,1.9761035156,2.1161035156,3.7561035156,5.2961035156,3.9661035156
-3.1438964844,-3.2638964844,-2.9238964844,-4.0538964844,-1.6438964844,0.20610351563,-1.6938964844,-0.74389648438,6.1861035156,9.4861035156,9.1361035156,7.9961035156,7.1761035156,6.2561035156,4.8261035156,2.9061035156,2.9361035156,1.8061035156,1.5361035156,1.4261035156,1.9061035156,4.2761035156,5.0261035156,2.9361035156,2.4461035156,3.5661035156,7.1561035156,7.0061035156,6.6661035156,4.4861035156,3.4861035156,4.3361035156,5.4861035156,5.5561035156,5.5161035156,5.6261035156,4.5861035156,2.4861035156,1.4761035156,0.31610351562,3.0861035156,3.4561035156,4.4861035156,3.2961035156,1.4961035156,2.2161035156,2.4861035156,2.7261035156,4.4061035156,3.5161035156,1.0861035156
-0.14389648437,2.3261035156,5.5061035156,6.9261035156,7.9461035156,8.8961035156,8.2361035156,8.2961035156,9.8161035156,10.586103516,10.926103516,10.006103516,8.4061035156,7.8961035156,6.2961035156,1.9161035156,2.2361035156,1.5361035156,0.79610351563,0.056103515625,0.99610351562,3.9861035156,4.2861035156,5.9561035156,6.5461035156,6.9061035156,5.3361035156,3.2161035156,2.4161035156,4.8461035156,5.7561035156,6.5561035156,6.4661035156,5.8261035156,5.3261035156,4.8561035156,4.6361035156,3.4961035156,3.2161035156,1.1161035156,2.1661035156,0.28610351563,0.85610351562,1.5761035156,2.3861035156,3.2061035156,3.9261035156,5.6361035156,3.8761035156,2.5961035156,2.5561035156
0.80610351563,1.9761035156,4.2761035156,6.4161035156,8.4061035156,10.206103516,11.706103516,12.796103516,13.666103516,13.796103516,13.516103516,12.486103516,11.066103516,8.1961035156,2.1161035156,0.36610351562,0.89610351563,1.2361035156,0.27610351563,1.7061035156,2.8261035156,2.9261035156,6.0761035156,8.2661035156,8.6061035156,7.7061035156,4.5961035156,-0.59389648437,2.6761035156,6.7661035156,7.7461035156,7.5861035156,6.4761035156,5.2661035156,4.9961035156,4.7361035156,4.9161035156,5.6661035156,6.4061035156,6.4261035156,5.8261035156,5.5861035156,2.3261035156,-1.1238964844,-0.51389648438,3.2361035156,6.4961035156,6.4861035156,5.2761035156,4.8961035156,5.2661035156
1.5761035156,2.5661035156,3.8261035156,5.2261035156,6.7161035156,8.0261035156,9.4161035156,10.796103516,11.766103516,11.816103516,10.806103516,7.1661035156,5.0961035156,0.93610351563,-1.1438964844,-0.37389648438,-0.43389648438,-0.69389648438,1.2061035156,4.0061035156,4.3961035156,7.6661035156,7.7561035156,7.6861035156,7.7961035156,7.8061035156,3.5961035156,1.3661035156,2.2361035156,7.3861035156,8.8461035156,7.6761035156,3.7561035156,2.8261035156,4.9261035156,5.4061035156,6.2261035156,7.4461035156,8.3061035156,8.4861035156,8.4861035156,8.7961035156,8.5961035156,5.3961035156,3.5561035156,5.4361035156,5.0961035156,5.3061035156,4.6061035156,4.6961035156,6.3561035156
0.48610351563,1.9361035156,3.0661035156,4.1761035156,5.4261035156,6.7661035156,8.4261035156,10.156103516,11.546103516,8.5661035156,3.6061035156,1.2661035156,1.2961035156,1.5261035156,0.73610351562,1.0061035156,2.2261035156,2.6561035156,4.0861035156,3.8361035156,5.5461035156,7.2361035156,7.2761035156,6.8261035156,5.3961035156,3.7861035156,3.5061035156,1.7261035156,2.1661035156,5.0761035156,6.7361035156,5.7561035156,2.8561035156,3.1061035156,5.2661035156,7.2561035156,7.4261035156,7.4361035156,7.9661035156,8.9261035156,9.4561035156,9.2061035156,8.1761035156,8.4361035156,7.9061035156,7.0861035156,6.1261035156,3.1961035156,1.7661035156,2.9861035156,3.5461035156
-0.30389648437,0.62610351562,1.6361035156,2.7461035156,3.9061035156,5.1761035156,6.5961035156,9.6361035156,7.2561035156,4.3461035156,2.3261035156,1.1061035156,4.5061035156,5.4961035156,4.6861035156,4.6161035156,5.0361035156,5.8861035156,4.8761035156,4.9561035156,6.1461035156,5.9761035156,5.3461035156,3.2161035156,3.4261035156,3.5061035156,2.7961035156,4.3061035156,3.4361035156,3.0861035156,2.9361035156,1.8561035156,2.5861035156,4.0461035156,8.3361035156,8.6661035156,7.3761035156,8.4161035156,9.3961035156,9.4561035156,9.2761035156,8.5861035156,8.7261035156,8.8061035156,8.6461035156,8.9561035156,9.3261035156,6.0761035156,2.4561035156,0.33610351563,0.59610351562
-0.82389648438,-0.21389648438,0.59610351562,1.3961035156,2.2161035156,3.0561035156,3.9761035156,4.8761035156,2.0561035156,3.2861035156,0.19610351563,0.78610351563,6.2561035156,7.5261035156,7.0761035156,7.0461035156,7.1961035156,7.4861035156,8.2161035156,9.0961035156,8.6861035156,5.2661035156,4.0761035156,3.1961035156,3.0461035156,2.3161035156,2.9261035156,2.0561035156,2.4061035156,3.4661035156,1.5961035156,2.6661035156,4.1861035156,7.6761035156,10.556103516,9.5861035156,10.286103516,9.6161035156,8.8461035156,8.3261035156,8.4261035156,9.0161035156,8.9261035156,9.0561035156,9.4961035156,10.206103516,10.496103516,9.8661035156,7.6761035156,4.1861035156,1.5561035156
-0.97389648437,-0.50389648438,0.15610351562,0.88610351563,1.4561035156,1.8861035156,1.9261035156,1.5761035156,0.53610351563,0.026103515625,-0.003896484375,3.4161035156,9.3361035156,10.746103516,10.396103516,9.6461035156,8.9461035156,8.4961035156,8.6361035156,9.3061035156,8.2861035156,4.8761035156,3.8561035156,3.1861035156,1.7961035156,2.3961035156,1.9761035156,1.5661035156,2.5861035156,1.9661035156,4.0461035156,4.1761035156,5.8761035156,8.5461035156,8.1861035156,11.976103516,11.506103516,9.4561035156,7.4861035156,8.8561035156,9.4461035156,8.9161035156,9.3461035156,9.7161035156,9.8761035156,10.596103516,10.946103516,10.456103516,10.186103516,9.8961035156,4.3361035156
-0.24389648438,0.036103515625,0.45610351563,0.92610351563,1.2661035156,1.3261035156,1.1061035156,0.44610351563,-1.2638964844,-0.75389648438,0.95610351563,7.6561035156,9.1461035156,9.0861035156,9.4661035156,9.7361035156,9.2561035156,8.2361035156,7.7661035156,7.1661035156,5.9161035156,7.4861035156,6.8561035156,4.0661035156,2.4961035156,0.78610351563,0.006103515625,1.0561035156,1.8061035156,1.9161035156,2.9361035156,4.1961035156,3.7761035156,3.1861035156,6.0861035156,5.5361035156,5.2961035156,4.7161035156,7.5061035156,8.8261035156,8.8761035156,9.3561035156,9.6361035156,9.8761035156,9.9861035156,10.716103516,10.716103516,10.316103516,10.636103516,11.056103516,11.536103516
0.28610351563,0.48610351563,0.66610351563,0.87610351562,1.1161035156,1.3161035156,1.3161035156,0.90610351563,-0.12389648438,-1.2238964844,1.5161035156,4.2461035156,5.4061035156,6.6161035156,6.8961035156,6.9661035156,6.5761035156,6.3161035156,6.0261035156,5.2861035156,6.4161035156,7.2561035156,6.8961035156,6.1761035156,3.7861035156,1.3561035156,0.046103515625,0.48610351563,-0.66389648438,1.0361035156,3.3961035156,3.5161035156,6.1661035156,6.9961035156,4.6761035156,0.65610351563,2.5161035156,4.4461035156,6.4361035156,7.9361035156,8.6661035156,8.7261035156,8.7761035156,9.0461035156,9.6561035156,9.9161035156,9.7561035156,9.7761035156,10.896103516,10.976103516,11.286103516
0.30610351562,0.39610351563,0.57610351563,0.94610351563,1.4361035156,2.0461035156,2.4461035156,2.7561035156,2.7961035156,3.3061035156,3.3161035156,4.3161035156,4.8061035156,4.8761035156,5.0061035156,4.7161035156,4.6461035156,5.0461035156,5.3261035156,6.0961035156,6.6061035156,6.6161035156,6.3361035156,6.1961035156,6.0561035156,5.4261035156,3.9961035156,2.8261035156,1.7661035156,1.2361035156,1.7661035156,2.3861035156,2.8261035156,5.3061035156,5.1161035156,3.1061035156,3.7461035156,4.6361035156,5.9561035156,5.6161035156,6.1161035156,6.4661035156,7.4861035156,9.0261035156,9.5461035156,9.1761035156,9.1261035156,10.136103516,10.356103516,10.326103516,11.126103516
0.41610351563,0.52610351563,1.2361035156,2.1061035156,2.5061035156,2.9361035156,3.3161035156,3.9661035156,4.5761035156,3.1561035156,2.1861035156,1.8861035156,3.0261035156,3.9361035156,4.2561035156,4.0461035156,4.0561035156,5.0461035156,5.7461035156,6.2861035156,6.2761035156,6.0761035156,6.2561035156,6.3661035156,5.8661035156,5.1561035156,4.7261035156,4.6261035156,4.6761035156,3.9161035156,2.7161035156,2.4961035156,2.6661035156,3.3261035156,5.2161035156,5.3861035156,4.5461035156,4.8861035156,6.6561035156,5.7961035156,4.2161035156,5.0261035156,6.7261035156,7.6761035156,8.5261035156,8.4361035156,9.1361035156,9.2061035156,8.6561035156,9.0061035156,11.846103516
1.5461035156,1.4261035156,1.4961035156,1.7861035156,2.1561035156,2.7361035156,2.8561035156,2.9661035156,2.4061035156,2.1761035156,2.5561035156,2.0261035156,2.2161035156,3.8161035156,4.1461035156,4.1761035156,4.3761035156,4.8061035156,5.7661035156,6.3561035156,6.5461035156,6.8261035156,6.6361035156,5.8461035156,5.2661035156,4.9561035156,4.8561035156,4.9661035156,5.0061035156,5.0661035156,4.6661035156,2.8261035156,2.0261035156,3.9561035156,4.7861035156,5.2361035156,6.0961035156,5.3961035156,2.1461035156,4.4861035156,6.5161035156,6.0261035156,7.2461035156,5.2061035156,5.4861035156,7.3961035156,8.0261035156,7.5361035156,7.6661035156,9.0061035156,12.766103516
1.2161035156,1.0561035156,1.0661035156,1.4561035156,2.0661035156,2.7061035156,3.3461035156,2.7461035156,3.1561035156,2.4561035156,1.9461035156,1.7261035156,1.4161035156,2.6861035156,2.6361035156,3.2661035156,4.5761035156,5.9161035156,6.3761035156,7.0461035156,7.3161035156,6.7061035156,5.6961035156,5.1061035156,5.0461035156,5.1761035156,5.2361035156,5.0861035156,4.9961035156,5.3461035156,5.7861035156,6.2561035156,6.2961035156,4.8861035156,3.1661035156,3.9861035156,5.0861035156,3.4661035156,2.6661035156,3.5461035156,3.2861035156,3.2461035156,4.2761035156,5.0561035156,5.4661035156,4.2961035156,4.9361035156,6.1261035156,7.2861035156,8.9861035156,13.486103516
