data/gribs/gfs_20260102_18z_f000_1767409761136.json
{"header": {"discipline":0,"disciplineName":"Meteorological products","gribEdition":2,"center":7,"centerName":"US National Weather Service - NCEP(WMC)","refTime":"2026-01-02T18:00:00.000Z","parameterCategory":2,"parameterCategoryName":"Momentum","parameterNumber":3,"parameterNumberName":"V-component_of_wind","parameterUnit":"m.s-1","forecastTime":0,"surface1Type":103,"surface1TypeName":"Specified height level above ground","surface1Value":10,"gridDefinitionTemplate":0,"gridDefinitionTemplateName":"Latitude_Longitude","numberPoints":8833,"shape":6,"nx":121,"ny":73,"lo1":-90,"la1":28,"lo2":-60,"la2":10,"dx":0.25,"dy":0.25}, "data":
[rows 0 to 21 of 73, columns 50 to 99 of 121]
1.4161035156,1.5561035156,1.1061035156,1.6061035156,2.2861035156,2.2161035156,1.8761035156,1.5461035156,1.3161035156,1.2661035156,0.95610351563,0.78610351563,0.26610351563,-0.033896484375,-0.093896484375,0.086103515625,0.57610351563,0.93610351563,1.3061035156,1.3161035156,0.84610351562,0.84610351562,0.19610351563,-0.21389648438,-0.45389648438,-0.30389648437,0.48610351563,0.39610351563,0.41610351563,0.91610351563,0.78610351563,0.036103515625,0.17610351563,0.33610351563,0.21610351562,-0.63389648438,-0.89389648438,-0.48389648437,-0.34389648438,-0.60389648437,-0.44389648438,-0.39389648438,-0.073896484375,0.026103515625,0.096103515625,0.076103515625,-0.083896484375,-0.17389648437,-0.42389648437,-0.31389648438
1.7061035156,1.2861035156,0.97610351562,1.7161035156,2.0461035156,1.8461035156,1.4861035156,1.2061035156,1.0361035156,0.83610351563,0.20610351563,0.18610351562,0.41610351563,0.79610351563,0.99610351562,0.92610351563,0.98610351562,0.95610351563,0.81610351563,0.91610351563,0.85610351562,0.50610351562,-0.24389648438,0.096103515625,0.21610351562,0.15610351562,-0.10389648438,-0.053896484375,-0.023896484375,0.20610351563,0.046103515625,-0.013896484375,0.35610351563,0.23610351563,-0.23389648437,-0.043896484375,-0.17389648437,-0.37389648438,-0.32389648438,-0.023896484375,-0.25389648438,-0.11389648437,0.36610351562,0.73610351562,0.046103515625,-0.023896484375,0.10610351563,-0.44389648438,-0.65389648438,-0.54389648438
1.8161035156,1.2261035156,0.96610351563,1.5361035156,1.6561035156,1.4361035156,1.1661035156,0.93610351563,0.77610351563,0.24610351563,0.38610351563,1.1561035156,1.3761035156,1.0061035156,0.59610351562,0.51610351563,0.29610351562,0.31610351562,0.79610351563,0.49610351562,0.62610351562,0.086103515625,0.13610351563,0.27610351563,-0.32389648438,-0.43389648438,0.096103515625,0.39610351563,0.51610351563,1.0161035156,1.0861035156,1.0161035156,0.85610351562,0.72610351562,-0.11389648437,-0.49389648438,-0.68389648438,-0.74389648438,-0.37389648438,0.006103515625,-0.033896484375,-0.51389648438,-0.19389648438,0.10610351563,-0.023896484375,-0.013896484375,0.14610351563,-0.62389648438,-0.80389648438,-0.90389648438
1.5561035156,1.0561035156,1.2561035156,1.5961035156,1.3361035156,0.99610351562,0.71610351562,0.49610351562,0.40610351563,0.71610351562,1.6361035156,1.1261035156,0.75610351562,0.47610351563,0.31610351562,-0.13389648438,0.19610351563,0.92610351563,0.39610351563,0.53610351563,0.72610351562,0.44610351563,0.40610351563,0.076103515625,0.15610351562,0.74610351562,1.1661035156,0.90610351563,0.68610351563,0.51610351563,0.33610351563,0.71610351562,0.39610351563,0.006103515625,-0.67389648438,-1.0738964844,-1.1938964844,-1.0638964844,-0.45389648438,0.13610351563,-0.30389648437,-0.57389648437,0.16610351563,0.40610351563,0.056103515625,-0.55389648438,-0.47389648437,-0.58389648437,-0.89389648438,-0.87389648438
1.4261035156,1.6061035156,1.7361035156,1.2461035156,0.70610351563,0.36610351562,0.20610351563,0.35610351563,0.54610351563,0.65610351563,0.70610351563,0.47610351563,0.67610351563,0.84610351562,1.1461035156,1.4761035156,1.0261035156,1.1961035156,1.1161035156,0.53610351563,0.21610351562,-0.11389648437,-0.033896484375,0.59610351562,0.10610351563,0.98610351562,1.1861035156,0.79610351563,0.16610351563,-0.40389648438,-0.49389648438,-0.30389648437,-0.40389648438,-0.29389648437,-0.31389648438,-0.69389648438,-1.7238964844,-0.51389648438,-0.11389648437,-0.13389648438,0.33610351563,0.83610351563,0.58610351562,0.18610351562,-0.073896484375,0.12610351562,-0.30389648437,-1.1138964844,-0.82389648438,-0.27389648438
1.4861035156,1.3561035156,0.66610351563,0.38610351563,0.15610351562,0.16610351563,0.23610351563,0.46610351563,0.67610351563,1.2861035156,1.3961035156,0.73610351562,0.92610351563,1.4861035156,1.3361035156,0.72610351562,0.58610351562,0.69610351563,0.86610351562,0.60610351562,0.65610351563,0.70610351563,1.0961035156,1.1461035156,0.57610351563,1.1161035156,0.39610351563,-0.83389648437,-1.1838964844,-1.2638964844,-1.3138964844,-1.5938964844,-0.99389648438,-0.25389648438,-0.61389648437,-0.65389648438,-0.32389648438,0.21610351562,0.72610351562,1.1161035156,1.0161035156,0.27610351563,-0.44389648438,-0.32389648438,-1.4638964844,-1.1338964844,-0.58389648437,-0.60389648437,-0.19389648438,-0.14389648437
0.82610351563,0.18610351562,-1.2238964844,-0.073896484375,0.14610351563,0.39610351563,0.81610351563,1.1861035156,1.4261035156,1.2761035156,0.58610351562,1.0761035156,1.6061035156,0.81610351563,0.016103515625,0.65610351563,1.3961035156,1.5161035156,0.53610351563,0.90610351563,1.9761035156,1.9061035156,0.68610351563,0.95610351563,1.7161035156,1.2861035156,0.21610351562,-0.78389648438,-0.96389648437,-0.37389648438,0.64610351563,0.37610351562,0.34610351563,0.13610351563,0.086103515625,-0.33389648438,-0.053896484375,-0.74389648438,-0.33389648438,0.39610351563,0.50610351562,0.096103515625,-0.31389648438,-0.073896484375,-0.31389648438,0.52610351563,0.45610351563,-0.093896484375,-0.26389648438,-0.91389648438
0.006103515625,-0.12389648438,1.3061035156,0.58610351562,0.56610351563,0.68610351563,0.87610351562,0.97610351562,0.80610351563,0.51610351563,0.80610351563,1.3561035156,0.76610351563,-0.083896484375,0.59610351562,1.4561035156,0.97610351562,0.62610351562,1.5061035156,1.4961035156,1.2461035156,0.89610351563,1.4861035156,2.1061035156,1.6561035156,0.53610351563,0.16610351563,0.70610351563,0.82610351563,0.78610351563,0.75610351562,0.036103515625,-0.81389648438,-1.2638964844,-1.1738964844,-0.54389648438,-0.74389648438,-1.7938964844,-0.18389648438,0.83610351563,0.35610351563,-0.20389648437,-0.53389648438,-0.52389648438,0.10610351563,0.10610351563,0.046103515625,0.13610351563,0.10610351563,-0.26389648438
-0.073896484375,-0.22389648438,0.036103515625,-0.24389648438,0.19610351563,0.95610351563,1.2561035156,1.0861035156,0.79610351563,0.65610351563,0.51610351563,0.026103515625,0.066103515625,0.85610351562,1.2361035156,0.18610351562,-0.34389648438,0.69610351563,0.97610351562,0.56610351563,0.76610351563,1.0361035156,1.4061035156,0.82610351563,0.51610351563,0.26610351563,0.58610351562,0.92610351563,0.60610351562,0.56610351563,-0.023896484375,-0.49389648438,-0.87389648438,-0.16389648438,-0.25389648438,-0.27389648438,-0.34389648438,0.036103515625,0.51610351563,-0.32389648438,-1.0338964844,-1.4038964844,-1.1238964844,-0.91389648438,-0.80389648438,-0.53389648438,-0.10389648438,0.11610351563,-0.11389648437,-0.27389648438
-0.20389648437,-0.20389648437,-0.44389648438,-0.59389648437,-0.41389648437,-0.10389648438,-0.073896484375,0.14610351563,0.66610351563,1.0161035156,0.49610351562,-0.58389648437,0.21610351562,0.65610351563,0.23610351563,-0.11389648437,0.48610351563,0.51610351563,0.29610351562,0.98610351562,1.2561035156,0.35610351563,-0.12389648438,-0.31389648438,-0.043896484375,1.1161035156,1.9661035156,1.4161035156,0.85610351562,-0.45389648438,-0.053896484375,0.63610351563,1.1261035156,0.29610351562,-0.24389648438,0.32610351563,0.44610351563,0.24610351563,-0.34389648438,-1.1838964844,-1.4438964844,-1.2038964844,-1.1338964844,-1.3438964844,-1.1538964844,-0.80389648438,-0.59389648437,-0.54389648438,-0.72389648437,-1.1738964844
-0.74389648438,-0.60389648437,-0.48389648437,-0.84389648437,-1.1838964844,-0.93389648438,-0.46389648438,-0.11389648437,0.13610351563,0.34610351563,0.71610351562,1.3861035156,1.6161035156,1.1861035156,0.88610351563,1.2261035156,1.7061035156,1.0961035156,1.2661035156,1.8061035156,1.1261035156,-0.053896484375,-0.15389648438,0.41610351563,0.71610351562,0.67610351563,0.43610351562,-0.25389648438,0.17610351563,0.18610351562,2.1861035156,1.5161035156,1.2861035156,1.4861035156,1.0761035156,0.086103515625,-0.55389648438,-0.65389648438,-1.5038964844,-1.7738964844,-1.4438964844,-1.3238964844,-1.4938964844,-1.5538964844,-1.4038964844,-1.3438964844,-1.3638964844,-1.4838964844,-1.6838964844,-1.9938964844
-0.88389648438,-0.76389648438,-0.49389648438,-0.42389648437,-0.31389648438,-0.093896484375,-0.053896484375,-0.073896484375,-0.20389648437,-0.50389648438,-0.073896484375,0.21610351562,0.57610351563,0.016103515625,-0.35389648437,-0.21389648438,0.59610351562,1.2561035156,1.1461035156,0.89610351563,0.91610351563,1.2761035156,1.7261035156,1.2461035156,0.77610351563,0.37610351562,0.23610351563,-0.48389648437,-0.68389648438,0.21610351562,1.1361035156,0.33610351563,0.036103515625,-0.063896484375,-0.39389648438,-0.98389648437,-1.5338964844,-1.6338964844,-1.9238964844,-1.8738964844,-1.9238964844,-1.9438964844,-1.8438964844,-1.7538964844,-1.9638964844,-2.1438964844,-2.2938964844,-2.4538964844,-2.6538964844,-2.9838964844
-0.11389648437,0.10610351563,0.096103515625,-0.093896484375,-0.12389648438,-0.18389648438,-0.28389648437,-0.26389648438,-0.68389648438,-0.66389648438,-0.023896484375,-0.28389648437,-0.28389648437,-0.58389648437,-0.46389648438,-0.10389648438,0.10610351563,0.57610351563,0.91610351563,1.1461035156,1.2561035156,1.2861035156,0.93610351563,0.38610351563,0.10610351563,-0.033896484375,-0.25389648438,-0.54389648438,1.0361035156,0.60610351562,-0.30389648437,-0.93389648438,-0.91389648438,-1.0038964844,-1.3238964844,-1.7038964844,-2.2438964844,-2.5638964844,-2.6638964844,-2.6238964844,-2.7538964844,-2.7438964844,-2.6638964844,-2.7238964844,-2.8538964844,-2.9738964844,-3.1038964844,-3.2838964844,-3.6738964844,-3.8138964844
0.096103515625,0.096103515625,0.12610351562,0.13610351563,-0.033896484375,-0.30389648437,-0.45389648438,-0.55389648438,-0.24389648438,0.046103515625,-0.29389648437,-0.47389648437,-0.37389648438,-0.21389648438,0.17610351563,0.15610351562,-0.25389648438,-0.10389648438,0.20610351563,0.75610351562,0.76610351563,0.44610351563,0.20610351563,0.066103515625,-0.44389648438,-0.54389648438,0.23610351563,0.86610351562,1.0061035156,0.37610351562,-0.70389648437,-1.6138964844,-1.7038964844,-1.8338964844,-1.9538964844,-2.1238964844,-2.7138964844,-3.1038964844,-3.3738964844,-3.4438964844,-3.4938964844,-3.6638964844,-3.8038964844,-3.7938964844,-3.6338964844,-3.7238964844,-3.8938964844,-4.1938964844,-4.3038964844,-4.2138964844
0.21610351562,-0.11389648437,-0.043896484375,0.056103515625,-0.24389648438,-0.38389648438,-0.56389648438,-0.45389648438,-0.24389648438,-0.60389648437,-0.68389648438,-0.45389648438,-0.32389648438,-0.18389648438,-0.23389648437,-0.60389648437,-0.63389648438,-0.50389648438,-0.093896484375,0.28610351563,0.31610351562,0.10610351563,0.14610351563,-0.15389648438,-0.53389648438,-0.033896484375,-0.043896484375,-0.17389648437,-0.41389648437,-1.0738964844,-1.6038964844,-2.2438964844,-2.4338964844,-2.5338964844,-2.6438964844,-2.8938964844,-3.3738964844,-3.5838964844,-3.6638964844,-3.8238964844,-4.1138964844,-4.4138964844,-4.4438964844,-4.2938964844,-4.3038964844,-4.5838964844,-4.9038964844,-4.8338964844,-4.4938964844,-4.1438964844
-0.72389648437,-0.43389648438,-0.41389648437,-0.39389648438,-0.47389648437,-0.57389648437,-0.55389648438,-0.57389648437,-0.86389648437,-0.94389648438,-0.56389648438,-0.44389648438,-0.48389648437,-0.55389648438,-0.87389648438,-0.86389648437,-0.68389648438,-0.63389648438,-0.31389648438,-0.23389648437,-0.41389648437,-0.14389648437,-0.14389648437,-0.29389648437,0.86610351562,1.0461035156,-0.22389648438,-1.0338964844,-1.2938964844,-1.8538964844,-2.3938964844,-2.8738964844,-3.1338964844,-3.3238964844,-3.5838964844,-3.7638964844,-3.9938964844,-4.0138964844,-4.0338964844,-4.2138964844,-4.3938964844,-4.3238964844,-4.3338964844,-4.6438964844,-5.0438964844,-5.4538964844,-5.3438964844,-4.6838964844,-3.8238964844,-3.5138964844
-1.2838964844,-1.8338964844,-1.5738964844,-1.3738964844,-1.0138964844,-0.65389648438,-0.57389648437,-0.66389648438,-0.52389648438,-0.40389648438,-0.67389648438,-0.82389648438,-0.80389648438,-1.1238964844,-1.0138964844,-0.75389648438,-0.94389648438,-0.94389648438,-0.83389648437,-1.1638964844,-1.2638964844,-1.0838964844,-0.90389648438,-0.48389648437,0.66610351563,0.29610351562,-0.56389648438,-1.3038964844,-1.8438964844,-2.3838964844,-2.8438964844,-3.1938964844,-3.4338964844,-3.5738964844,-3.8738964844,-3.9538964844,-3.8938964844,-4.0538964844,-4.3138964844,-4.4538964844,-4.5538964844,-4.3738964844,-4.7238964844,-5.1538964844,-5.3938964844,-5.2638964844,-4.5538964844,-3.6738964844,-3.3738964844,-3.5838964844
-0.16389648438,-0.55389648438,-0.90389648438,-1.1238964844,-0.94389648438,-0.73389648437,-0.67389648438,-0.78389648438,-0.75389648438,-0.90389648438,-1.1538964844,-1.3238964844,-1.5338964844,-1.3238964844,-1.0638964844,-1.1438964844,-1.5638964844,-1.4938964844,-1.7238964844,-2.1538964844,-2.1538964844,-1.8538964844,-1.3038964844,-0.73389648437,-0.43389648438,-0.76389648438,-1.2838964844,-1.9038964844,-2.2338964844,-2.5438964844,-2.9438964844,-3.1238964844,-3.0338964844,-3.2138964844,-3.5038964844,-3.8938964844,-4.2338964844,-4.2938964844,-4.5538964844,-4.9638964844,-4.7538964844,-4.7938964844,-5.1438964844,-5.1638964844,-4.9338964844,-4.4138964844,-3.5238964844,-3.3238964844,-3.5138964844,-3.5638964844
-0.49389648438,-0.48389648437,-0.72389648437,-0.91389648438,-1.1438964844,-1.1738964844,-1.0938964844,-1.0938964844,-1.5038964844,-1.8438964844,-1.6238964844,-1.6338964844,-1.4738964844,-1.3538964844,-1.6038964844,-1.9938964844,-2.0038964844,-1.8838964844,-2.4538964844,-2.7238964844,-2.7238964844,-1.8938964844,-1.5338964844,-1.4638964844,-1.6038964844,-1.8038964844,-2.0738964844,-2.4738964844,-2.6438964844,-2.6738964844,-3.1038964844,-3.6438964844,-3.8938964844,-4.0938964844,-4.0538964844,-4.2138964844,-4.6838964844,-4.9938964844,-5.1538964844,-4.7238964844,-4.2138964844,-4.4638964844,-4.3638964844,-4.2138964844,-4.1138964844,-3.4838964844,-3.2938964844,-3.2638964844,-3.1538964844,-2.8638964844
-1.1438964844,-1.5538964844,-1.2238964844,-0.87389648438,-1.3438964844,-1.6838964844,-1.6438964844,-1.6438964844,-1.4838964844,-1.3038964844,-1.5938964844,-1.7538964844,-1.7538964844,-1.9938964844,-2.3638964844,-2.3338964844,-2.2538964844,-3.0438964844,-3.2438964844,-3.4238964844,-3.1538964844,-2.3638964844,-2.0638964844,-2.2338964844,-2.4338964844,-2.6838964844,-2.8038964844,-2.7438964844,-2.9738964844,-3.2638964844,-3.4938964844,-3.4838964844,-3.9238964844,-4.0438964844,-4.2038964844,-4.7938964844,-4.9938964844,-5.0438964844,-4.5938964844,-3.9738964844,-3.8838964844,-3.6938964844,-3.4138964844,-3.4838964844,-3.3838964844,-3.1938964844,-3.2238964844,-3.1238964844,-2.8638964844,-2.5938964844
-1.9138964844,-2.1638964844,-1.3538964844,-1.2638964844,-1.7138964844,-2.0338964844,-1.9438964844,-1.5538964844,-1.4138964844,-1.5538964844,-1.8438964844,-1.9438964844,-2.1738964844,-2.2838964844,-2.1338964844,-2.3338964844,-2.9438964844,-3.4338964844,-3.1938964844,-3.4738964844,-2.9538964844,-2.0938964844,-2.3438964844,-2.6238964844,-2.9438964844,-2.6738964844,-2.3738964844,-2.4838964844,-2.9738964844,-3.7838964844,-3.6538964844,-3.3938964844,-3.4938964844,-3.8338964844,-4.5838964844,-4.1338964844,-3.6438964844,-3.6838964844,-3.3538964844,-3.1338964844,-2.9238964844,-2.8838964844,-3.1538964844,-3.4738964844,-3.6238964844,-3.6438964844,-3.5138964844,-3.2238964844,-2.5338964844,-1.8638964844
-2.0938964844,-1.8438964844,-1.6438964844,-1.7938964844,-1.9138964844,-1.9538964844,-1.9738964844,-1.9338964844,-1.8638964844,-1.9138964844,-1.9038964844,-2.0738964844,-2.2138964844,-2.5038964844,-3.0438964844,-3.5638964844,-3.6138964844,-3.2838964844,-3.1038964844,-3.6038964844,-2.6238964844,-2.5938964844,-2.9238964844,-2.8338964844,-2.4238964844,-1.9838964844,-2.4638964844,-2.8338964844,-3.5338964844,-3.6038964844,-3.1038964844,-2.8738964844,-2.8338964844,-3.0838964844,-3.3638964844,-3.1538964844,-2.8838964844,-2.4738964844,-2.1838964844,-2.3638964844,-2.8038964844,-3.3938964844,-3.8838964844,-4.0338964844,-3.8838964844,-3.7938964844,-3.6638964844,-2.7538964844,-1.7238964844,-1.2238964844
