data/gribs/gfs_20260102_18z_f000_1767408540682.json
{"header": {"discipline":0,"disciplineName":"Meteorological products","gribEdition":2,"center":7,"centerName":"US National Weather Service - NCEP(WMC)","refTime":"2026-01-02T18:00:00Z","parameterCategory":2,"parameterCategoryName":"Momentum","parameterNumber":2,"parameterNumberName":"U-component_of_wind","parameterUnit":"m.s-1","forecastTime":0,"surface1Type":103,"surface1TypeName":"Specified height level above ground","surface1Value":10,"gridDefinitionTemplate":0,"gridDefinitionTemplateName":"Latitude_Longitude","numberPoints":28381,"shape":6,"nx":281,"ny":101,"lo1":-80,"la1":50,"lo2":-10,"la2":25,"dx":0.25,"dy":0.25}, "data":
[rows 23 to 45 of 101, columns 52 to 103 of 281]
14.153232422,14.493232422,14.883232422,14.503232422,8.2432324219,7.0232324219,6.7732324219,7.0632324219,7.5332324219,6.6732324219,6.6232324219,11.033232422,13.953232422,14.583232422,15.093232422,15.403232422,15.653232422,15.943232422,16.163232422,16.283232422,16.383232422,16.233232422,16.073232422,15.953232422,15.863232422,15.923232422,15.823232422,15.443232422,14.913232422,14.263232422,13.483232422,12.743232422,12.383232422,12.103232422,11.743232422,11.413232422,11.223232422,11.273232422,11.133232422,10.953232422,11.003232422,11.183232422,11.253232422,11.463232422,11.453232422,11.213232422,11.133232422,10.923232422,10.143232422,9.7932324219,9.4032324219,8.7632324219
14.583232422,14.773232422,15.213232422,13.853232422,7.5932324219,6.7632324219,6.6032324219,6.4232324219,6.2532324219,7.0732324219,11.543232422,13.323232422,13.603232422,13.823232422,14.353232422,14.483232422,14.253232422,14.283232422,14.503232422,14.713232422,15.003232422,15.473232422,15.583232422,15.593232422,15.713232422,15.663232422,15.293232422,14.633232422,13.933232422,13.393232422,12.993232422,12.693232422,12.273232422,11.723232422,11.383232422,11.263232422,11.113232422,11.133232422,11.183232422,11.033232422,10.993232422,11.163232422,11.323232422,11.343232422,11.033232422,10.863232422,10.733232422,10.483232422,10.193232422,9.7832324219,9.0232324219,8.2732324219
14.383232422,14.453232422,14.503232422,13.943232422,9.9032324219,8.4332324219,5.9132324219,5.8132324219,8.0132324219,11.073232422,11.753232422,11.973232422,12.163232422,12.403232422,12.683232422,12.463232422,12.603232422,13.123232422,13.343232422,13.663232422,14.133232422,14.673232422,15.073232422,15.263232422,15.223232422,14.973232422,14.423232422,13.833232422,13.463232422,13.333232422,12.903232422,11.953232422,11.123232422,11.003232422,11.413232422,11.393232422,10.973232422,10.953232422,11.113232422,11.013232422,10.993232422,11.033232422,11.093232422,10.903232422,10.693232422,10.603232422,10.313232422,10.083232422,10.063232422,9.7432324219,9.0132324219,8.3432324219
15.333232422,15.423232422,15.353232422,15.113232422,15.273232422,13.223232422,11.803232422,14.483232422,14.893232422,14.853232422,14.683232422,14.553232422,14.233232422,14.103232422,13.803232422,13.123232422,12.513232422,12.273232422,12.383232422,12.993232422,13.773232422,14.313232422,14.573232422,14.763232422,14.893232422,14.533232422,13.833232422,13.533232422,13.513232422,13.403232422,12.993232422,12.443232422,11.893232422,11.233232422,10.853232422,10.713232422,10.603232422,10.613232422,10.723232422,10.773232422,10.763232422,10.823232422,10.633232422,10.453232422,10.523232422,10.443232422,10.163232422,10.003232422,9.9132324219,9.4332324219,9.1532324219,8.6532324219
14.843232422,14.603232422,14.453232422,14.423232422,14.493232422,14.543232422,14.653232422,14.603232422,14.303232422,14.113232422,13.923232422,13.753232422,13.713232422,13.743232422,13.683232422,13.873232422,13.983232422,13.843232422,13.663232422,13.603232422,13.923232422,14.163232422,14.213232422,14.483232422,14.693232422,14.353232422,14.223232422,14.413232422,14.303232422,13.963232422,13.403232422,12.613232422,11.753232422,11.253232422,10.703232422,10.243232422,10.213232422,10.333232422,10.383232422,10.343232422,10.373232422,10.343232422,10.283232422,10.303232422,10.353232422,10.223232422,9.8732324219,9.7532324219,9.3732324219,9.0432324219,9.1632324219,8.5932324219
13.723232422,13.613232422,13.553232422,13.613232422,13.653232422,13.573232422,13.533232422,13.543232422,13.303232422,13.243232422,13.183232422,12.983232422,12.773232422,12.453232422,12.513232422,12.953232422,13.303232422,13.543232422,13.653232422,13.833232422,14.053232422,13.983232422,13.953232422,14.223232422,14.393232422,14.633232422,14.753232422,14.413232422,14.063232422,14.033232422,13.693232422,13.013232422,12.193232422,11.363232422,10.703232422,10.103232422,9.7732324219,9.9032324219,10.023232422,10.043232422,10.133232422,10.023232422,10.053232422,10.243232422,10.283232422,9.8832324219,9.5232324219,9.0932324219,8.9632324219,9.0432324219,9.0032324219,8.2432324219
12.083232422,12.013232422,12.103232422,12.233232422,12.293232422,12.363232422,12.573232422,12.483232422,12.073232422,11.953232422,11.733232422,11.613232422,11.703232422,11.593232422,11.583232422,11.963232422,12.513232422,12.933232422,13.163232422,13.413232422,13.683232422,13.743232422,13.873232422,14.083232422,14.343232422,14.533232422,14.453232422,14.033232422,13.523232422,13.823232422,13.753232422,13.343232422,12.363232422,11.203232422,10.903232422,10.163232422,9.5132324219,9.6532324219,9.9132324219,9.9632324219,9.9432324219,9.7532324219,9.9632324219,10.253232422,9.6832324219,9.6332324219,9.5932324219,8.7432324219,8.9032324219,8.9932324219,8.5732324219,8.4332324219
11.143232422,11.283232422,11.393232422,11.523232422,11.723232422,12.093232422,12.453232422,12.543232422,12.513232422,12.463232422,12.003232422,11.703232422,11.603232422,11.443232422,11.223232422,11.263232422,11.703232422,12.173232422,12.583232422,12.863232422,13.263232422,13.653232422,13.733232422,13.723232422,13.793232422,13.903232422,14.173232422,13.713232422,12.963232422,13.343232422,13.723232422,13.543232422,12.983232422,12.313232422,11.363232422,10.233232422,9.7632324219,9.8232324219,9.9532324219,9.7732324219,9.6332324219,9.8132324219,9.9832324219,9.9332324219,9.5632324219,9.6132324219,9.3732324219,8.8832324219,9.1032324219,8.5732324219,8.3232324219,8.7032324219
11.163232422,11.483232422,11.833232422,12.053232422,12.153232422,12.213232422,12.333232422,12.453232422,12.523232422,12.493232422,12.443232422,12.203232422,11.913232422,11.563232422,11.343232422,11.343232422,11.503232422,11.633232422,11.633232422,11.993232422,12.783232422,13.203232422,13.273232422,13.313232422,13.303232422,13.483232422,13.623232422,13.303232422,12.953232422,13.123232422,13.333232422,13.433232422,13.033232422,12.323232422,11.423232422,10.313232422,9.9332324219,9.8932324219,9.8132324219,9.7632324219,9.7032324219,9.8532324219,10.023232422,10.103232422,9.8632324219,9.2232324219,8.9832324219,9.0132324219,9.0832324219,8.6132324219,8.1532324219,8.8432324219
11.783232422,12.253232422,12.273232422,11.903232422,11.703232422,11.713232422,11.743232422,11.643232422,11.523232422,11.323232422,11.063232422,10.943232422,11.133232422,11.333232422,11.143232422,10.983232422,11.203232422,11.433232422,11.283232422,11.383232422,11.883232422,12.453232422,12.813232422,12.853232422,13.023232422,13.103232422,13.053232422,13.333232422,13.423232422,13.063232422,13.033232422,13.053232422,12.883232422,12.383232422,11.503232422,10.553232422,10.193232422,10.003232422,9.9432324219,9.9232324219,9.7332324219,9.8832324219,9.8332324219,9.8432324219,9.7132324219,8.7832324219,9.0632324219,9.3532324219,9.1132324219,9.5032324219,8.6532324219,8.7632324219
10.783232422,10.403232422,10.103232422,10.033232422,10.183232422,10.413232422,10.603232422,10.763232422,10.743232422,10.513232422,10.073232422,9.8832324219,10.193232422,10.423232422,10.203232422,10.293232422,10.643232422,10.633232422,10.453232422,10.973232422,11.593232422,12.113232422,12.463232422,12.763232422,12.923232422,12.923232422,13.123232422,13.283232422,12.603232422,12.003232422,12.063232422,12.473232422,12.363232422,11.713232422,11.443232422,10.663232422,10.073232422,9.7432324219,9.5732324219,9.4132324219,9.5432324219,9.8932324219,9.7132324219,10.063232422,10.293232422,9.6032324219,9.3132324219,9.2532324219,9.7832324219,10.153232422,9.0732324219,8.2432324219
8.7932324219,8.7232324219,8.6432324219,8.5932324219,8.6832324219,8.9232324219,9.2032324219,9.4032324219,9.6732324219,9.5332324219,8.7832324219,8.6832324219,9.4132324219,9.8832324219,9.7332324219,9.7332324219,10.173232422,10.433232422,9.7132324219,9.8632324219,11.043232422,11.963232422,12.393232422,12.713232422,12.953232422,12.833232422,12.843232422,12.473232422,11.303232422,10.693232422,10.903232422,11.143232422,11.553232422,11.713232422,10.733232422,10.023232422,9.7732324219,9.7432324219,9.6632324219,9.5432324219,9.6632324219,9.8132324219,9.7232324219,10.003232422,10.003232422,9.8232324219,9.7432324219,9.8332324219,10.153232422,10.293232422,9.2332324219,7.9932324219
7.9732324219,7.7932324219,7.2232324219,7.3432324219,8.0832324219,8.4232324219,8.4832324219,8.7932324219,9.2432324219,8.8132324219,7.8932324219,7.9632324219,8.8932324219,9.3832324219,9.4132324219,9.5132324219,9.6632324219,9.5632324219,9.4632324219,9.8032324219,10.443232422,11.353232422,12.043232422,12.383232422,12.173232422,11.693232422,11.443232422,10.933232422,10.373232422,10.383232422,10.253232422,10.163232422,10.953232422,11.043232422,10.063232422,9.7032324219,9.7132324219,9.9232324219,9.8732324219,9.7032324219,9.5032324219,9.4032324219,9.4432324219,9.7032324219,9.9232324219,9.9132324219,9.9532324219,10.043232422,10.023232422,9.8232324219,8.8532324219,7.5832324219
7.9132324219,7.4732324219,6.7232324219,6.9432324219,7.4532324219,7.7032324219,7.9032324219,8.1232324219,8.4332324219,8.1432324219,7.2032324219,8.0932324219,9.0432324219,8.8232324219,8.8032324219,8.7732324219,8.8232324219,8.8932324219,8.8032324219,8.8932324219,9.5432324219,10.363232422,10.823232422,10.653232422,10.383232422,10.693232422,10.783232422,10.033232422,9.8032324219,10.253232422,10.103232422,9.9432324219,10.673232422,10.243232422,9.2732324219,9.7432324219,9.8632324219,9.6632324219,9.9532324219,10.143232422,9.8832324219,9.6532324219,9.5632324219,9.6332324219,9.4932324219,9.6232324219,9.8232324219,9.8032324219,9.6232324219,9.4732324219,9.2032324219,8.3532324219
8.6732324219,8.0532324219,6.7132324219,6.4732324219,6.9032324219,7.3332324219,7.2132324219,7.0332324219,6.8332324219,6.6232324219,6.4332324219,7.7832324219,9.0332324219,8.3732324219,7.6332324219,7.4832324219,7.5232324219,7.4532324219,7.4832324219,7.8132324219,8.2532324219,8.9232324219,9.7032324219,9.7032324219,9.8632324219,10.473232422,10.193232422,9.7032324219,9.6532324219,10.473232422,10.583232422,9.5532324219,9.8332324219,9.5532324219,9.2932324219,9.8432324219,9.7832324219,9.7232324219,9.9332324219,9.8832324219,9.4932324219,9.2332324219,9.2132324219,9.2232324219,9.1432324219,9.2332324219,9.6832324219,9.4232324219,9.4232324219,9.8132324219,9.6132324219,8.7832324219
10.613232422,10.453232422,9.1332324219,7.5932324219,7.3932324219,7.9732324219,7.6432324219,6.4132324219,5.5932324219,5.3932324219,5.7532324219,6.8932324219,8.0132324219,7.6032324219,6.7532324219,6.2732324219,6.4132324219,6.4832324219,6.2932324219,6.9732324219,7.5132324219,8.4032324219,10.983232422,11.873232422,11.633232422,12.063232422,11.853232422,11.093232422,11.053232422,10.773232422,9.9332324219,9.7032324219,9.6832324219,9.2932324219,9.5532324219,9.7632324219,9.6632324219,9.8032324219,9.8232324219,9.5432324219,9.1332324219,9.2232324219,9.1232324219,9.3932324219,9.2932324219,9.1432324219,9.4232324219,9.7032324219,9.7832324219,9.7932324219,9.6632324219,9.1432324219
14.343232422,15.103232422,15.573232422,15.793232422,15.613232422,15.623232422,14.313232422,9.9732324219,5.6832324219,4.7132324219,4.8132324219,5.1232324219,5.1732324219,5.3132324219,5.9832324219,5.4932324219,5.8232324219,6.3532324219,7.1232324219,10.113232422,12.713232422,12.963232422,12.773232422,12.963232422,12.793232422,12.543232422,11.623232422,11.343232422,11.553232422,9.8332324219,9.6432324219,9.7532324219,9.6332324219,9.8732324219,9.7932324219,9.3432324219,9.7332324219,10.203232422,9.7832324219,9.0032324219,9.0932324219,9.2432324219,9.5132324219,9.2332324219,8.9632324219,9.6532324219,10.583232422,10.473232422,9.9432324219,9.5632324219,9.2832324219,9.0032324219
15.883232422,15.843232422,16.063232422,16.053232422,15.633232422,15.073232422,14.313232422,15.193232422,16.253232422,16.223232422,15.643232422,15.573232422,16.023232422,12.913232422,6.9332324219,9.0032324219,13.493232422,14.853232422,13.733232422,12.993232422,13.573232422,13.423232422,12.613232422,12.003232422,12.003232422,12.543232422,11.653232422,11.113232422,11.253232422,9.8032324219,9.8632324219,10.093232422,9.7632324219,9.6432324219,9.5632324219,9.3832324219,9.8432324219,10.283232422,9.6532324219,8.6632324219,8.8432324219,9.2532324219,9.2432324219,9.2732324219,9.6132324219,10.253232422,10.413232422,9.8032324219,9.9832324219,10.443232422,10.143232422,8.8932324219
15.293232422,14.953232422,14.973232422,14.823232422,15.013232422,15.373232422,15.233232422,14.953232422,15.013232422,14.963232422,14.713232422,14.753232422,14.513232422,14.673232422,15.083232422,14.823232422,14.663232422,14.873232422,14.413232422,14.033232422,14.163232422,13.283232422,12.103232422,11.913232422,11.293232422,11.583232422,11.583232422,11.553232422,11.163232422,10.273232422,10.583232422,10.343232422,9.9532324219,9.8632324219,10.003232422,9.8132324219,9.6132324219,9.6032324219,9.2632324219,9.1332324219,9.1132324219,9.1432324219,9.5632324219,9.7132324219,9.5532324219,9.6232324219,9.9232324219,10.313232422,10.673232422,10.383232422,9.6132324219,8.5532324219
14.503232422,14.803232422,15.273232422,15.563232422,15.623232422,15.463232422,15.373232422,15.033232422,14.543232422,14.533232422,14.373232422,14.263232422,14.523232422,14.303232422,14.113232422,14.233232422,14.463232422,14.583232422,13.863232422,13.063232422,13.273232422,12.853232422,11.433232422,11.293232422,10.963232422,11.273232422,11.513232422,11.193232422,11.043232422,10.223232422,10.603232422,10.453232422,10.153232422,10.013232422,9.5432324219,9.3632324219,9.7432324219,9.5232324219,8.9732324219,9.1132324219,9.5632324219,9.6632324219,9.4632324219,9.2632324219,9.3332324219,9.5832324219,9.5332324219,9.7432324219,10.103232422,9.9532324219,9.4232324219,8.3732324219
14.233232422,14.483232422,14.523232422,14.493232422,14.623232422,14.803232422,14.923232422,14.873232422,14.523232422,14.733232422,14.643232422,14.583232422,14.703232422,14.633232422,14.813232422,14.663232422,13.903232422,14.243232422,14.233232422,12.863232422,12.073232422,12.323232422,12.083232422,11.293232422,10.693232422,11.073232422,10.613232422,10.813232422,11.243232422,10.483232422,10.893232422,10.763232422,10.033232422,9.7132324219,9.5532324219,9.4832324219,9.5932324219,9.4632324219,9.5532324219,9.8432324219,9.5732324219,9.2532324219,9.1732324219,9.1332324219,9.4132324219,9.5132324219,9.2532324219,9.1832324219,9.3932324219,9.5132324219,9.0332324219,8.2032324219
13.533232422,13.653232422,13.663232422,13.763232422,13.473232422,13.443232422,13.583232422,13.563232422,13.363232422,13.603232422,13.743232422,13.713232422,13.993232422,14.433232422,14.683232422,14.683232422,13.923232422,13.363232422,13.333232422,13.493232422,12.153232422,12.163232422,13.073232422,11.363232422,10.663232422,11.233232422,10.543232422,10.313232422,10.503232422,10.443232422,10.333232422,10.153232422,9.6432324219,9.1232324219,9.0232324219,9.0632324219,9.1832324219,9.4532324219,9.9032324219,9.8132324219,9.2032324219,9.2732324219,9.2832324219,8.8432324219,9.1032324219,9.2932324219,8.6232324219,8.5532324219,8.9032324219,8.8232324219,8.5032324219,7.8632324219
12.843232422,13.003232422,12.883232422,12.803232422,12.503232422,12.263232422,12.843232422,13.293232422,13.093232422,12.513232422,12.193232422,12.623232422,13.563232422,13.833232422,14.483232422,14.773232422,13.853232422,12.143232422,11.873232422,13.263232422,12.733232422,12.373232422,12.253232422,10.873232422,10.473232422,11.063232422,10.973232422,9.9532324219,9.8732324219,9.9432324219,9.6832324219,9.5632324219,9.0532324219,8.6932324219,8.4032324219,8.7532324219,9.1832324219,9.5432324219,9.9832324219,9.7632324219,9.4132324219,9.0832324219,8.6832324219,8.6632324219,8.9232324219,8.8932324219,8.1132324219,8.2432324219,8.6032324219,8.6532324219,8.1332324219,7.5332324219
