data/gribs/gfs_20260102_18z_f000_1767409719614.json
{"header": {"discipline":0,"disciplineName":"Meteorological products","gribEdition":2,"center":7,"centerName":"US National Weather Service - NCEP(WMC)","refTime":"2026-01-02T18:00:00.000Z","parameterCategory":2,"parameterCategoryName":"Momentum","parameterNumber":2,"parameterNumberName":"U-component_of_wind","parameterUnit":"m.s-1","forecastTime":0,"surface1Type":103,"surface1TypeName":"Specified height level above ground","surface1Value":10,"gridDefinitionTemplate":0,"gridDefinitionTemplateName":"Latitude_Longitude","numberPoints":10985,"shape":6,"nx":169,"ny":65,"lo1":-6,"la1":46,"lo2":36,"la2":30,"dx":0.25,"dy":0.25}, "data":
[rows 0 to 22 of 65, columns 0 to 50 of 169]
-6.2567675781,-5.7867675781,-5.2367675781,-4.6667675781,-4.0067675781,-3.3767675781,-2.6867675781,-2.1067675781,-1.6467675781,-1.2267675781,-0.59676757813,-0.096767578125,0.50323242188,0.71323242188,0.31323242188,0.80323242187,0.76323242188,1.0532324219,1.4632324219,1.9532324219,1.8732324219,1.6832324219,1.7132324219,1.7432324219,2.2432324219,1.9632324219,1.2632324219,0.96323242188,0.88323242188,0.80323242187,0.98323242188,0.92323242187,1.0532324219,1.4532324219,1.9532324219,2.1732324219,2.5632324219,1.1132324219,-0.60676757813,1.2532324219,1.3332324219,0.25323242188,1.2432324219,0.84323242188,-0.19676757813,-1.1367675781,-0.62676757813,1.4532324219,0.63323242188,0.23323242188,0.78323242187
-7.4967675781,-6.9167675781,-6.3667675781,-5.8067675781,-5.1367675781,-4.5467675781,-3.8867675781,-3.1867675781,-2.3867675781,-1.2767675781,-0.85676757813,-0.87676757813,-0.52676757812,0.34323242188,1.2232324219,1.7332324219,2.2632324219,2.4432324219,2.2532324219,1.9032324219,0.95323242188,1.1432324219,1.2932324219,1.2132324219,1.0932324219,0.83323242188,0.36323242187,0.51323242187,0.71323242188,0.94323242188,0.72323242188,0.44323242188,0.90323242187,1.1832324219,0.86323242188,1.6332324219,2.4332324219,0.98323242188,-0.47676757813,1.1032324219,1.7832324219,-0.37676757813,0.77323242187,1.2232324219,-0.026767578125,-0.91676757812,-0.45676757813,0.033232421875,0.16323242188,0.60323242188,0.17323242188
-8.9267675781,-8.4067675781,-7.8667675781,-7.3767675781,-6.8967675781,-6.4367675781,-5.8767675781,-5.2267675781,-4.3767675781,-3.3467675781,-2.2567675781,-1.4467675781,-1.2167675781,-1.2167675781,-0.99676757813,-0.19676757813,0.39323242188,0.21323242187,-0.35676757812,-0.49676757812,0.10323242188,0.12323242187,0.28323242188,0.45323242188,0.53323242187,0.48323242187,0.20323242188,0.073232421875,0.043232421875,0.15323242187,0.013232421875,-0.46676757813,0.043232421875,0.17323242188,-0.61676757813,0.26323242188,1.9632324219,0.77323242187,-0.62676757813,0.62323242188,1.7432324219,0.31323242188,1.0332324219,1.2132324219,-0.93676757812,-1.5567675781,-0.59676757813,0.27323242188,0.78323242187,0.67323242187,0.34323242188
-9.8667675781,-9.5067675781,-9.0967675781,-8.6267675781,-8.2367675781,-7.9167675781,-7.5167675781,-6.9767675781,-6.2467675781,-5.5467675781,-5.0467675781,-4.5467675781,-4.2167675781,-3.9267675781,-3.5167675781,-3.0267675781,-2.7967675781,-2.6667675781,-2.5367675781,-2.0667675781,-0.66676757812,-0.48676757812,-0.67676757812,-0.30676757812,0.013232421875,-0.036767578125,0.12323242187,0.40323242188,0.45323242188,0.27323242188,-0.22676757813,-0.41676757812,-0.66676757812,-0.85676757813,-1.3467675781,0.33323242188,1.6332324219,0.85323242188,-0.006767578125,0.91323242187,1.1432324219,0.093232421875,1.2132324219,1.1532324219,-0.93676757812,-1.8367675781,-0.83676757813,0.34323242188,-0.016767578125,1.0432324219,1.2532324219
-10.776767578,-10.206767578,-9.7267675781,-9.4467675781,-9.1467675781,-8.9267675781,-8.6567675781,-8.3367675781,-7.8867675781,-7.5267675781,-7.1167675781,-6.6567675781,-6.3167675781,-6.0267675781,-5.8767675781,-5.8267675781,-5.4967675781,-4.7967675781,-4.0767675781,-2.6967675781,-1.1167675781,-0.84676757813,-0.99676757813,-0.74676757813,-0.62676757813,-0.55676757812,-0.37676757813,-0.086767578125,0.35323242187,0.44323242188,0.34323242188,-0.28676757813,-0.45676757813,-0.046767578125,-0.61676757813,-0.45676757813,-0.046767578125,-0.076767578125,0.27323242188,1.1832324219,0.70323242188,1.6332324219,1.5732324219,1.0432324219,-1.3267675781,-1.7967675781,0.55323242187,0.083232421875,-1.0367675781,0.64323242187,3.7232324219
-11.646767578,-11.166767578,-10.476767578,-10.016767578,-9.7467675781,-9.4867675781,-9.2967675781,-9.1667675781,-8.9167675781,-8.6567675781,-8.4667675781,-8.1067675781,-7.9367675781,-7.7267675781,-7.4167675781,-7.1367675781,-6.7167675781,-6.0767675781,-5.2167675781,-3.7767675781,-1.8167675781,-1.3767675781,-1.3767675781,-1.2867675781,-0.87676757813,-0.52676757812,-0.51676757812,-0.52676757812,-0.26676757813,0.053232421875,-0.006767578125,-0.086767578125,-0.23676757813,-0.16676757813,-0.18676757812,-0.85676757813,0.34323242188,0.50323242188,0.25323242188,0.41323242188,1.0332324219,1.7632324219,0.76323242188,0.063232421875,-1.0567675781,-0.92676757812,-0.37676757813,0.043232421875,-0.61676757813,0.10323242188,0.91323242187
-11.136767578,-11.146767578,-10.886767578,-10.776767578,-10.416767578,-9.8367675781,-9.5767675781,-9.5267675781,-9.4467675781,-9.2867675781,-9.0767675781,-8.8167675781,-8.6867675781,-8.5267675781,-8.1867675781,-7.8967675781,-7.5367675781,-6.8367675781,-6.1767675781,-4.3367675781,-1.7567675781,-1.6167675781,-1.5167675781,-1.3867675781,-0.98676757813,-0.92676757812,-1.0367675781,-0.78676757812,-0.73676757813,-0.43676757812,-0.34676757813,-0.12676757813,-0.15676757813,-0.036767578125,0.26323242188,-0.17676757812,0.36323242187,0.23323242188,-0.16676757813,1.3432324219,2.3832324219,0.93323242187,-0.18676757812,-0.47676757813,-1.0967675781,-0.59676757813,0.43323242187,1.1932324219,0.48323242187,-1.3767675781,-2.4367675781
-11.586767578,-11.496767578,-11.246767578,-10.996767578,-10.726767578,-10.336767578,-10.106767578,-9.8667675781,-9.6767675781,-9.6167675781,-9.1467675781,-8.7067675781,-8.4867675781,-8.4067675781,-8.3667675781,-8.1767675781,-7.7467675781,-7.0267675781,-6.4767675781,-3.4267675781,-1.9867675781,-1.6467675781,-1.3567675781,-1.2867675781,-1.1367675781,-0.67676757812,-0.69676757813,-0.63676757813,-0.64676757812,-0.41676757812,-0.79676757812,-0.68676757812,-0.38676757813,-0.48676757812,-0.58676757813,0.12323242187,0.88323242188,0.40323242188,1.3432324219,2.4232324219,1.7232324219,0.73323242188,1.2432324219,1.4032324219,-0.58676757813,-1.4167675781,0.80323242187,2.2732324219,0.36323242187,-0.68676757812,-0.59676757813
-11.646767578,-11.526767578,-11.336767578,-11.176767578,-10.986767578,-10.646767578,-10.246767578,-10.026767578,-9.7367675781,-9.6367675781,-9.2167675781,-8.5267675781,-8.0867675781,-7.8667675781,-7.8667675781,-7.7967675781,-7.4167675781,-6.7267675781,-5.9367675781,-2.7467675781,-1.7767675781,-1.5767675781,-1.4267675781,-1.2767675781,-1.2767675781,-1.1567675781,-0.80676757812,-0.46676757813,-0.026767578125,-0.006767578125,-0.27676757813,-0.10676757812,0.11323242188,-0.47676757813,0.36323242187,0.86323242188,0.77323242187,1.0732324219,2.1032324219,1.6932324219,0.81323242188,0.56323242188,0.94323242188,2.3032324219,1.4832324219,0.053232421875,1.3132324219,2.0032324219,-0.26676757813,-0.65676757812,2.4132324219
-10.856767578,-10.826767578,-10.666767578,-10.396767578,-10.566767578,-10.556767578,-10.226767578,-10.096767578,-9.7067675781,-9.3567675781,-8.7667675781,-7.9567675781,-7.5567675781,-7.3467675781,-6.9767675781,-6.8667675781,-6.9967675781,-6.7667675781,-4.9567675781,-2.3467675781,-2.1567675781,-2.2767675781,-2.2867675781,-2.0167675781,-1.8967675781,-1.4667675781,-1.0067675781,-0.72676757813,-0.16676757813,0.41323242188,0.42323242187,1.1232324219,0.77323242187,-0.64676757812,-0.22676757813,1.4332324219,2.1032324219,1.7932324219,1.7332324219,0.91323242187,0.37323242187,0.32323242188,0.58323242188,1.5032324219,1.9432324219,1.9732324219,2.5132324219,2.7632324219,1.3332324219,1.5132324219,2.1332324219
-1.3867675781,-1.3167675781,-3.0267675781,-4.5667675781,-7.9767675781,-9.0067675781,-8.8767675781,-9.3567675781,-8.4667675781,-7.2767675781,-5.8367675781,-6.5667675781,-6.8567675781,-6.5167675781,-5.6967675781,-5.4767675781,-6.0467675781,-6.6267675781,-4.0967675781,-2.2767675781,-2.0367675781,-2.1367675781,-2.6767675781,-2.3167675781,-1.5567675781,-1.2767675781,-0.97676757813,-0.83676757813,-0.34676757813,0.10323242188,0.27323242188,0.86323242188,0.72323242188,0.63323242188,0.78323242187,1.9032324219,1.6132324219,1.1332324219,1.6932324219,2.0032324219,0.083232421875,-0.066767578125,1.1332324219,1.8632324219,3.4732324219,2.6932324219,2.3932324219,3.4232324219,3.5832324219,3.6932324219,4.6732324219
-0.28676757813,-0.65676757812,-1.0367675781,-0.86676757813,-0.45676757813,-0.28676757813,-0.52676757812,-0.39676757813,0.39323242188,-0.67676757812,-0.91676757812,-0.66676757812,-0.61676757813,-0.88676757813,-1.0467675781,-1.0467675781,-0.24676757812,-0.36676757812,-1.3167675781,-0.63676757813,-0.12676757813,-0.24676757812,-0.45676757813,-1.1467675781,-1.1067675781,-0.82676757813,-0.84676757813,-0.38676757813,-0.14676757812,-0.17676757812,0.17323242188,0.76323242188,1.8632324219,2.5632324219,3.3532324219,3.9132324219,4.1432324219,3.1332324219,2.1132324219,2.9932324219,4.8232324219,3.1932324219,2.4332324219,3.0732324219,4.5332324219,6.0832324219,4.7632324219,2.7932324219,3.7232324219,3.3332324219,4.4432324219
-0.40676757813,-0.52676757812,-0.64676757812,-0.73676757813,-0.92676757812,0.79323242187,0.87323242188,1.1332324219,0.23323242188,-0.036767578125,0.16323242188,-0.57676757813,-0.78676757812,-0.55676757812,-0.11676757813,0.30323242187,0.21323242187,-0.31676757813,-0.19676757813,0.41323242188,0.62323242188,0.45323242188,0.42323242187,0.66323242187,0.28323242188,0.72323242188,0.33323242188,0.11323242188,0.44323242188,0.023232421875,0.44323242188,0.61323242188,1.2332324219,1.5232324219,2.6932324219,2.4532324219,4.6932324219,8.5432324219,7.9232324219,5.4232324219,4.2632324219,3.7932324219,3.2732324219,4.1232324219,5.3432324219,6.5632324219,8.3032324219,9.9232324219,11.013232422,12.003232422,12.933232422
-0.98676757813,-0.87676757813,-0.82676757813,-0.80676757812,-0.84676757813,0.20323242188,0.48323242187,0.30323242187,-0.18676757812,-0.026767578125,0.61323242188,0.15323242187,-0.49676757812,-1.3767675781,-1.0567675781,0.68323242187,1.0032324219,0.56323242188,0.77323242187,0.17323242188,0.14323242188,-0.44676757813,-0.19676757813,0.72323242188,1.2032324219,1.3232324219,1.1432324219,-0.18676757812,1.3432324219,0.19323242188,0.75323242188,0.83323242188,1.5732324219,2.2032324219,2.2132324219,1.7832324219,0.92323242187,2.3732324219,5.5432324219,6.6432324219,6.6132324219,6.3632324219,5.7832324219,5.1132324219,5.5332324219,6.7432324219,8.1532324219,9.5832324219,11.103232422,12.743232422,13.483232422
-0.73676757813,-1.5067675781,-1.9467675781,-2.1367675781,-1.5267675781,-1.0167675781,-0.53676757812,-0.49676757812,-0.67676757812,-0.026767578125,1.0632324219,0.67323242187,-0.24676757812,-0.83676757813,-0.93676757812,-0.28676757813,0.61323242188,0.70323242188,0.73323242188,0.053232421875,0.94323242188,1.0432324219,0.42323242187,0.86323242188,1.2532324219,-0.50676757813,-0.30676757812,-0.69676757813,0.94323242188,0.12323242187,-0.82676757813,0.83323242188,0.27323242188,1.6732324219,1.3832324219,0.96323242188,0.58323242188,-0.12676757813,0.82323242188,2.1932324219,3.4232324219,4.6932324219,5.7232324219,6.5132324219,6.9032324219,7.2132324219,7.9432324219,8.8932324219,10.023232422,11.183232422,11.933232422
0.28323242188,-0.78676757812,-2.2667675781,-3.2967675781,-2.9867675781,-2.1267675781,-1.1567675781,-0.56676757813,-0.92676757812,-0.99676757813,-1.2967675781,-0.33676757813,0.96323242188,0.40323242188,0.33323242188,0.37323242187,0.29323242187,0.59323242188,1.0332324219,0.62323242188,1.0032324219,0.93323242187,0.99323242188,1.2332324219,1.1432324219,0.003232421875,0.15323242187,0.30323242187,-0.29676757812,-0.096767578125,-0.67676757812,0.79323242187,0.073232421875,0.31323242188,1.2132324219,1.0632324219,0.80323242187,0.60323242188,0.72323242188,1.2832324219,1.8432324219,2.4432324219,3.2232324219,4.4932324219,5.8032324219,6.8632324219,7.8632324219,8.9132324219,9.9532324219,10.933232422,11.773232422
0.29323242187,-0.34676757813,-2.9767675781,-3.5167675781,-3.3067675781,-2.3767675781,-0.80676757812,-1.0067675781,-1.2267675781,-1.9267675781,-2.1067675781,-1.5367675781,-0.30676757812,0.77323242187,1.0732324219,2.1932324219,1.1532324219,-0.48676757812,0.66323242187,0.68323242187,1.4432324219,1.6432324219,1.6732324219,1.2332324219,0.26323242188,0.083232421875,0.85323242188,1.0532324219,0.61323242188,0.40323242188,1.1232324219,0.13323242188,-0.42676757812,0.39323242188,1.6432324219,1.0232324219,0.49323242187,0.79323242187,0.54323242187,0.85323242188,1.4932324219,1.6332324219,1.9232324219,2.7032324219,3.5432324219,4.5832324219,5.6332324219,6.6132324219,7.6732324219,8.6032324219,9.5032324219
-0.62676757813,-0.88676757813,-1.6067675781,-1.9167675781,-2.8967675781,-2.2567675781,-0.93676757812,-0.28676757813,-1.0867675781,-2.0967675781,-2.2467675781,-1.7667675781,-0.73676757813,0.14323242188,0.43323242187,0.57323242188,0.99323242188,2.0232324219,0.073232421875,0.49323242187,1.3532324219,0.93323242187,1.4132324219,0.90323242187,-0.60676757813,-0.39676757813,0.25323242188,-0.30676757812,-0.24676757812,0.75323242188,2.3132324219,1.6432324219,0.72323242188,0.68323242187,0.86323242188,0.74323242188,0.083232421875,0.26323242188,0.22323242188,0.60323242188,1.6432324219,2.6232324219,3.4432324219,4.1532324219,4.7732324219,5.4432324219,6.1732324219,6.8932324219,7.5132324219,8.1332324219,8.8532324219
-1.9567675781,-1.6167675781,-1.7067675781,-2.4167675781,-2.2667675781,-1.4367675781,-0.19676757813,1.2032324219,1.0032324219,-0.26676757813,-0.42676757812,-1.0667675781,-0.88676757813,-0.30676757812,1.2132324219,2.2132324219,1.9532324219,2.8232324219,1.2132324219,-0.25676757813,0.97323242188,0.49323242187,0.74323242188,2.2232324219,1.5932324219,-0.12676757813,-0.32676757813,0.46323242188,1.1432324219,1.6932324219,2.1532324219,0.76323242188,1.2332324219,1.3332324219,2.0732324219,2.1332324219,2.4332324219,3.5332324219,3.7432324219,4.0732324219,4.6632324219,5.2632324219,6.1032324219,6.8532324219,7.0732324219,7.2632324219,7.5532324219,7.9332324219,8.4732324219,8.8232324219,9.1932324219
-2.9667675781,-2.2067675781,-2.1367675781,-1.1967675781,-1.3767675781,-1.8567675781,-1.2867675781,0.073232421875,-0.76676757813,-1.1067675781,-0.81676757813,0.23323242188,1.0732324219,1.0032324219,2.5932324219,3.0432324219,2.7232324219,1.3632324219,1.2932324219,2.3032324219,2.4632324219,0.85323242188,0.53323242187,0.90323242187,0.95323242188,0.79323242187,0.11323242188,0.59323242188,1.9232324219,0.78323242187,1.2132324219,1.7632324219,2.8932324219,4.0732324219,5.1732324219,5.7432324219,6.2632324219,6.2832324219,6.2832324219,6.2032324219,6.2332324219,6.3532324219,6.7732324219,7.1232324219,7.3132324219,7.4432324219,7.6332324219,7.8732324219,8.3732324219,8.9132324219,9.2532324219
-3.1267675781,-2.5567675781,-0.99676757813,-1.5467675781,-2.7267675781,-2.8567675781,-2.2167675781,-1.9567675781,-2.2167675781,-0.60676757813,-0.40676757813,0.81323242188,0.80323242187,0.65323242187,1.2232324219,1.6832324219,2.5832324219,4.1232324219,3.2332324219,2.7932324219,4.9032324219,2.3032324219,-0.046767578125,-0.016767578125,0.57323242188,1.0832324219,0.75323242188,1.6432324219,3.3132324219,4.4132324219,4.9032324219,5.1832324219,5.2332324219,5.4632324219,5.7532324219,6.0432324219,6.3432324219,6.5932324219,6.7132324219,6.6332324219,6.6432324219,6.8432324219,6.9032324219,6.7832324219,6.7032324219,6.6532324219,7.1732324219,7.8032324219,8.3832324219,9.1432324219,9.5832324219
-2.8167675781,-2.9767675781,-0.64676757812,-1.4267675781,-1.5267675781,-1.8467675781,-3.0467675781,-2.9167675781,-0.98676757813,0.26323242188,0.29323242187,1.0532324219,0.75323242188,0.19323242188,-0.59676757813,0.043232421875,1.3632324219,3.0432324219,2.1932324219,1.1732324219,2.8132324219,3.2132324219,3.6532324219,1.2332324219,0.99323242188,1.7432324219,0.78323242187,1.7832324219,3.3432324219,4.3532324219,4.6732324219,4.6132324219,4.7232324219,5.0632324219,5.4432324219,5.7332324219,5.9632324219,6.1532324219,6.2232324219,6.1432324219,6.1832324219,6.4932324219,6.8532324219,7.2032324219,7.2832324219,7.2032324219,7.4232324219,7.8032324219,8.0632324219,8.4632324219,8.7632324219
-1.4067675781,-1.9867675781,-1.4667675781,-1.4167675781,-0.14676757812,-0.44676757813,-1.8767675781,-1.4267675781,-1.0767675781,-0.97676757813,-0.38676757813,1.3332324219,1.4232324219,0.24323242187,-0.73676757813,-1.4567675781,-0.41676757812,2.5232324219,2.8532324219,0.49323242187,1.0132324219,1.8332324219,3.3032324219,2.5832324219,1.4632324219,1.1532324219,0.97323242188,1.7432324219,2.4832324219,3.3932324219,3.7432324219,3.7732324219,4.1132324219,4.7732324219,5.4832324219,6.0332324219,6.4032324219,6.6332324219,6.7232324219,6.4732324219,6.4132324219,6.7232324219,6.8732324219,6.5832324219,6.5032324219,6.6332324219,6.8532324219,7.1632324219,7.5032324219,7.9632324219,8.1632324219
