data/gribs/gfs_20260102_18z_f000_1767409761136.json
{"header": {"discipline":0,"disciplineName":"Meteorological products","gribEdition":2,"center":7,"centerName":"US National Weather Service - NCEP(WMC)","refTime":"2026-01-02T18:00:00.000Z","parameterCategory":2,"parameterCategoryName":"Momentum","parameterNumber":2,"parameterNumberName":"U-component_of_wind","parameterUnit":"m.s-1","forecastTime":0,"surface1Type":103,"surface1TypeName":"Specified height level above ground","surface1Value":10,"gridDefinitionTemplate":0,"gridDefinitionTemplateName":"Latitude_Longitude","numberPoints":8833,"shape":6,"nx":121,"ny":73,"lo1":-90,"la1":28,"lo2":-60,"la2":10,"dx":0.25,"dy":0.25}, "data":
[rows 44 to 65 of 73, columns 50 to 99 of 121]
-7.9467675781,-7.5467675781,-7.0267675781,-7.4167675781,-7.7067675781,-7.2867675781,-6.7067675781,-6.1467675781,-6.2867675781,-6.9267675781,-7.7167675781,-7.5767675781,-7.8067675781,-8.4067675781,-8.6267675781,-8.4567675781,-8.4967675781,-8.5967675781,-8.4867675781,-8.2567675781,-8.1367675781,-7.9267675781,-7.6867675781,-7.9867675781,-8.1267675781,-8.1367675781,-8.0067675781,-7.5467675781,-7.2067675781,-6.9767675781,-6.6767675781,-6.2367675781,-5.7167675781,-5.4067675781,-5.4467675781,-5.5667675781,-5.4967675781,-5.5467675781,-5.7767675781,-5.9267675781,-6.1167675781,-6.2867675781,-6.3067675781,-6.7867675781,-6.9067675781,-6.3367675781,-5.6667675781,-5.0467675781,-4.8867675781,-4.8367675781
-7.0767675781,-7.0067675781,-6.9967675781,-7.2867675781,-7.5167675781,-6.9867675781,-6.6467675781,-6.4967675781,-6.7967675781,-7.1267675781,-7.8867675781,-7.8667675781,-8.1067675781,-8.3567675781,-8.7567675781,-8.7367675781,-8.6967675781,-8.7967675781,-8.6767675781,-8.3667675781,-8.1167675781,-7.9667675781,-7.7967675781,-7.8567675781,-7.9667675781,-8.1867675781,-7.8267675781,-7.4967675781,-7.3867675781,-7.2767675781,-6.9567675781,-6.5467675781,-5.9567675781,-5.6767675781,-5.7967675781,-5.9167675781,-6.0267675781,-6.1467675781,-6.2367675781,-6.2667675781,-6.3667675781,-6.4567675781,-6.5767675781,-7.1167675781,-6.8067675781,-6.3767675781,-6.1767675781,-5.5167675781,-5.0167675781,-4.4867675781
-6.7367675781,-6.9567675781,-6.7067675781,-6.8967675781,-7.3567675781,-7.1167675781,-7.1367675781,-7.2767675781,-7.4367675781,-7.6267675781,-8.1867675781,-8.1367675781,-8.2667675781,-8.5567675781,-9.0767675781,-9.1967675781,-8.9567675781,-8.9967675781,-8.8567675781,-8.5967675781,-8.2267675781,-8.1267675781,-8.1867675781,-8.3667675781,-8.4467675781,-8.2667675781,-7.9467675781,-7.7467675781,-7.5667675781,-7.2867675781,-6.9867675781,-6.7267675781,-6.3967675781,-6.2567675781,-6.1767675781,-6.1967675781,-6.4167675781,-6.5767675781,-6.5167675781,-6.5267675781,-6.6867675781,-6.9067675781,-6.9367675781,-6.2767675781,-5.7367675781,-6.3567675781,-6.1367675781,-5.5167675781,-5.4367675781,-4.9667675781
-6.4667675781,-6.3867675781,-6.1467675781,-6.8567675781,-7.5267675781,-7.5867675781,-7.4667675781,-7.3167675781,-7.1567675781,-7.0867675781,-7.3967675781,-7.9567675781,-8.2467675781,-8.7167675781,-9.3667675781,-9.4367675781,-9.3567675781,-9.3867675781,-9.3467675781,-9.1767675781,-8.8367675781,-8.7267675781,-8.6367675781,-8.6167675781,-8.4567675781,-7.9967675781,-7.7267675781,-7.6967675781,-7.6067675781,-7.4767675781,-7.2167675781,-6.9467675781,-6.7267675781,-6.7067675781,-6.6467675781,-6.5467675781,-6.6467675781,-6.8667675781,-7.0567675781,-7.1567675781,-7.1767675781,-7.0567675781,-6.5567675781,-6.2667675781,-6.3967675781,-6.2267675781,-5.9367675781,-5.7567675781,-5.9467675781,-5.3467675781
-6.0267675781,-6.0267675781,-5.9167675781,-6.9667675781,-7.4767675781,-7.5767675781,-7.2167675781,-7.0367675781,-6.6667675781,-6.4767675781,-7.4367675781,-7.8867675781,-8.3167675781,-8.7667675781,-9.3867675781,-9.6067675781,-9.5467675781,-9.4867675781,-9.6467675781,-9.5467675781,-9.2667675781,-9.0167675781,-8.7567675781,-8.4667675781,-8.1967675781,-7.8967675781,-7.7967675781,-7.8067675781,-7.8067675781,-7.7567675781,-7.4867675781,-7.2167675781,-7.1167675781,-7.2967675781,-7.2967675781,-7.2567675781,-7.3367675781,-7.1567675781,-7.1067675781,-6.7867675781,-6.8167675781,-6.9267675781,-7.0067675781,-6.9067675781,-6.8467675781,-6.6367675781,-6.3467675781,-6.0767675781,-6.0467675781,-5.5767675781
-5.6867675781,-5.8167675781,-6.0067675781,-6.9767675781,-7.4967675781,-7.1967675781,-7.0167675781,-6.9367675781,-6.5567675781,-7.1167675781,-7.6467675781,-8.1867675781,-8.5367675781,-9.0367675781,-9.4967675781,-9.5667675781,-9.3767675781,-9.3267675781,-9.5267675781,-9.3667675781,-9.2067675781,-9.0367675781,-8.6467675781,-8.4267675781,-8.2567675781,-8.1167675781,-8.1367675781,-8.1367675781,-8.0767675781,-7.9367675781,-7.7967675781,-7.7067675781,-7.7067675781,-7.7367675781,-7.6567675781,-7.2967675781,-7.0667675781,-7.1267675781,-6.8567675781,-6.9567675781,-7.0167675781,-7.2367675781,-7.2967675781,-7.0367675781,-6.7667675781,-6.7367675781,-6.4467675781,-6.2967675781,-6.2567675781,-6.0867675781
-5.3067675781,-5.7467675781,-6.5067675781,-7.2067675781,-7.1867675781,-6.9267675781,-6.7467675781,-6.8467675781,-7.1667675781,-7.9367675781,-7.8367675781,-8.2767675781,-8.7567675781,-9.1167675781,-9.2567675781,-9.4267675781,-9.3667675781,-9.2467675781,-9.3367675781,-9.2067675781,-9.1867675781,-9.1167675781,-8.8267675781,-8.5367675781,-8.4967675781,-8.4667675781,-8.4467675781,-8.3867675781,-8.2667675781,-8.2367675781,-8.3467675781,-8.3067675781,-8.0367675781,-7.8567675781,-7.8667675781,-7.4967675781,-7.2667675781,-7.1767675781,-7.0667675781,-7.0467675781,-7.1167675781,-7.2867675781,-7.2867675781,-7.0867675781,-6.9367675781,-6.7467675781,-6.4367675781,-6.4567675781,-6.8567675781,-7.1767675781
-5.1967675781,-5.6967675781,-6.6867675781,-6.8667675781,-6.8967675781,-6.6767675781,-6.4367675781,-6.6367675781,-7.6567675781,-8.2267675781,-8.2667675781,-8.4567675781,-9.0867675781,-9.2267675781,-9.1967675781,-9.4567675781,-9.4767675781,-9.4267675781,-9.4667675781,-9.4467675781,-9.5067675781,-9.4067675781,-9.0367675781,-8.9267675781,-8.9067675781,-8.9767675781,-8.9067675781,-8.7867675781,-8.7067675781,-8.5867675781,-8.6067675781,-8.3367675781,-8.1467675781,-8.0067675781,-7.7767675781,-7.7567675781,-7.3867675781,-7.1867675781,-7.0367675781,-7.0367675781,-7.2167675781,-7.2967675781,-7.2067675781,-7.0467675781,-7.0767675781,-7.1067675781,-6.9067675781,-6.6867675781,-6.7467675781,-7.2967675781
-5.4867675781,-5.9867675781,-6.3767675781,-6.3867675781,-6.4467675781,-6.0367675781,-5.9867675781,-6.8767675781,-8.1467675781,-8.1067675781,-8.2867675781,-8.7767675781,-9.0867675781,-9.1467675781,-9.2467675781,-9.6967675781,-9.7667675781,-9.7167675781,-9.7167675781,-9.6767675781,-9.7367675781,-9.6967675781,-9.4167675781,-9.2267675781,-9.0567675781,-8.9267675781,-8.7967675781,-8.8967675781,-9.0367675781,-8.8767675781,-8.8167675781,-8.6567675781,-8.3167675781,-8.2367675781,-8.3367675781,-8.2067675781,-7.7767675781,-7.4367675781,-7.2067675781,-7.2367675781,-7.3467675781,-7.3467675781,-7.4067675781,-7.4167675781,-7.3267675781,-7.1967675781,-7.1867675781,-7.0567675781,-7.0267675781,-7.0967675781
-5.4267675781,-5.8567675781,-5.7267675781,-5.8167675781,-5.9767675781,-5.6667675781,-6.0767675781,-6.9867675781,-8.1067675781,-8.0367675781,-8.3967675781,-8.7667675781,-8.9467675781,-9.2567675781,-9.4667675781,-9.7067675781,-9.8267675781,-9.6967675781,-9.5967675781,-9.4567675781,-9.4267675781,-9.2867675781,-9.1567675781,-9.0667675781,-8.9767675781,-8.8967675781,-8.9467675781,-9.0467675781,-9.0767675781,-8.6967675781,-8.5667675781,-8.6667675781,-8.3967675781,-8.2767675781,-8.2867675781,-8.0667675781,-7.8367675781,-7.6667675781,-7.5267675781,-7.4367675781,-7.3467675781,-7.3067675781,-7.3667675781,-7.6167675781,-7.6367675781,-7.3767675781,-7.4967675781,-7.2767675781,-7.2967675781,-7.3167675781
-5.0967675781,-5.3767675781,-5.4067675781,-5.6267675781,-5.5567675781,-5.7667675781,-6.2967675781,-6.8767675781,-7.8667675781,-7.9767675781,-8.3667675781,-8.7167675781,-8.8767675781,-9.1767675781,-9.4567675781,-9.5367675781,-9.5567675781,-9.3467675781,-9.2367675781,-9.2367675781,-9.1567675781,-9.1567675781,-9.1767675781,-9.0867675781,-9.0967675781,-8.9367675781,-8.9267675781,-8.8767675781,-8.9267675781,-8.8167675781,-8.6067675781,-8.6967675781,-8.7567675781,-8.7267675781,-8.4567675781,-8.1667675781,-7.9767675781,-7.8867675781,-7.8067675781,-7.6067675781,-7.4667675781,-7.5067675781,-7.5667675781,-7.7767675781,-7.8867675781,-7.7767675781,-7.6267675781,-7.4267675781,-7.4567675781,-7.4467675781
-4.6667675781,-4.9467675781,-5.0267675781,-5.4767675781,-5.5367675781,-5.7367675781,-6.3667675781,-6.7267675781,-7.8367675781,-7.9567675781,-8.2267675781,-8.8067675781,-9.0167675781,-9.0867675781,-9.1567675781,-9.2767675781,-9.3467675781,-9.1967675781,-9.1267675781,-9.0367675781,-9.0167675781,-9.1767675781,-9.2267675781,-9.1967675781,-9.0867675781,-8.9167675781,-8.8967675781,-9.0067675781,-9.1167675781,-9.1467675781,-9.1367675781,-8.9467675781,-8.8967675781,-8.9667675781,-8.8167675781,-8.4667675781,-8.2067675781,-8.0967675781,-7.9967675781,-7.8767675781,-7.7367675781,-7.7667675781,-7.8667675781,-7.8567675781,-7.9967675781,-7.9367675781,-7.5967675781,-7.5567675781,-7.6167675781,-7.7567675781
-4.3767675781,-4.5067675781,-4.6967675781,-5.2767675781,-5.6467675781,-5.9167675781,-6.5367675781,-6.7267675781,-7.1267675781,-7.4867675781,-8.3667675781,-8.6467675781,-8.8167675781,-8.9467675781,-8.9367675781,-9.1467675781,-9.1967675781,-9.1167675781,-9.1867675781,-9.0767675781,-9.0667675781,-9.2467675781,-9.2967675781,-9.3667675781,-9.3467675781,-9.2567675781,-9.3067675781,-9.3967675781,-9.4567675781,-9.5467675781,-9.4767675781,-9.3167675781,-9.1667675781,-9.0867675781,-8.9267675781,-8.6567675781,-8.4467675781,-8.2667675781,-8.0267675781,-7.7867675781,-7.6567675781,-7.8267675781,-7.9767675781,-7.9667675781,-7.9767675781,-8.1367675781,-7.8667675781,-7.9567675781,-8.0067675781,-8.0767675781
-4.2667675781,-4.3567675781,-4.5967675781,-5.1867675781,-5.8767675781,-6.4167675781,-6.5967675781,-6.8467675781,-7.1467675781,-8.0167675781,-8.4467675781,-8.3867675781,-8.4367675781,-8.7167675781,-9.0367675781,-9.1367675781,-9.0667675781,-8.9367675781,-9.0867675781,-9.2267675781,-9.2667675781,-9.3267675781,-9.4267675781,-9.7267675781,-9.6967675781,-9.5767675781,-9.7167675781,-10.016767578,-10.036767578,-10.006767578,-9.8567675781,-9.7367675781,-9.6467675781,-9.4367675781,-9.1767675781,-8.8967675781,-8.5867675781,-8.2367675781,-8.1167675781,-8.0567675781,-7.9267675781,-7.8867675781,-7.9467675781,-8.0567675781,-8.1167675781,-8.2067675781,-8.1867675781,-8.2667675781,-8.2767675781,-8.1967675781
-4.2367675781,-4.3467675781,-4.7067675781,-5.2667675781,-6.0267675781,-6.4167675781,-6.5167675781,-7.1967675781,-7.7667675781,-8.2867675781,-8.1167675781,-8.0667675781,-8.2067675781,-8.4867675781,-8.8867675781,-8.9567675781,-8.8767675781,-9.1567675781,-9.1067675781,-9.2067675781,-9.4667675781,-9.6367675781,-9.7067675781,-9.8367675781,-9.8567675781,-9.9567675781,-10.036767578,-10.216767578,-10.316767578,-10.226767578,-10.116767578,-10.056767578,-10.046767578,-9.8467675781,-9.3767675781,-9.0967675781,-8.8067675781,-8.5167675781,-8.2967675781,-8.3467675781,-8.2267675781,-8.1167675781,-7.8767675781,-7.7867675781,-7.8467675781,-8.2567675781,-8.3967675781,-8.3967675781,-8.4867675781,-8.4067675781
-4.3767675781,-4.4267675781,-4.8467675781,-5.6567675781,-6.1067675781,-6.0167675781,-6.4667675781,-7.4167675781,-7.7167675781,-8.0067675781,-7.6667675781,-7.8867675781,-8.0467675781,-8.2367675781,-8.7067675781,-8.7867675781,-8.7267675781,-9.0767675781,-9.0967675781,-9.3367675781,-9.6067675781,-9.7667675781,-9.8267675781,-9.7267675781,-9.8767675781,-10.046767578,-10.126767578,-10.236767578,-10.346767578,-10.386767578,-10.296767578,-10.276767578,-10.116767578,-9.9467675781,-9.4767675781,-9.1867675781,-8.8967675781,-8.8667675781,-8.6367675781,-8.5467675781,-8.5867675781,-8.4467675781,-8.0967675781,-7.9867675781,-8.1567675781,-8.3967675781,-8.5067675781,-8.5667675781,-8.5267675781,-8.1967675781
-4.3467675781,-4.5767675781,-5.3067675781,-5.8167675781,-5.6667675781,-5.8267675781,-6.3767675781,-7.3367675781,-7.5567675781,-7.7167675781,-7.6967675781,-7.7667675781,-7.8167675781,-7.9567675781,-8.3867675781,-8.5967675781,-8.5167675781,-8.9267675781,-9.2467675781,-9.3967675781,-9.3867675781,-9.5167675781,-9.6967675781,-9.7267675781,-9.9967675781,-10.106767578,-10.226767578,-10.216767578,-10.186767578,-10.166767578,-10.206767578,-10.146767578,-10.006767578,-9.9567675781,-9.7567675781,-9.5067675781,-9.1567675781,-8.7567675781,-8.6567675781,-8.7267675781,-8.8167675781,-8.5867675781,-8.2267675781,-8.1467675781,-8.2367675781,-8.2967675781,-8.3567675781,-8.0367675781,-7.7667675781,-7.8267675781
-4.2867675781,-4.6867675781,-5.3767675781,-5.5167675781,-5.5567675781,-5.9767675781,-6.7167675781,-7.3167675781,-7.3467675781,-7.6967675781,-7.7967675781,-7.7867675781,-7.7867675781,-7.8367675781,-8.0567675781,-8.1667675781,-8.1267675781,-8.5067675781,-8.7567675781,-8.9267675781,-9.0667675781,-9.3767675781,-9.5367675781,-9.6067675781,-9.8367675781,-9.9867675781,-10.216767578,-10.366767578,-10.326767578,-10.306767578,-10.076767578,-9.9767675781,-9.9967675781,-9.9667675781,-9.8567675781,-9.5667675781,-9.2267675781,-9.0067675781,-9.1667675781,-9.1167675781,-8.9067675781,-8.6467675781,-8.3667675781,-8.5067675781,-8.5667675781,-8.3467675781,-8.2867675781,-8.0667675781,-7.9267675781,-7.8967675781
-4.3867675781,-4.5667675781,-4.9767675781,-5.4667675781,-6.0767675781,-6.9167675781,-7.2367675781,-7.3067675781,-7.4667675781,-7.8367675781,-7.8767675781,-8.0467675781,-8.1367675781,-8.0567675781,-7.8767675781,-7.6767675781,-7.6267675781,-8.3367675781,-8.9167675781,-9.2267675781,-9.4567675781,-9.5967675781,-9.7067675781,-9.9067675781,-9.9467675781,-9.9667675781,-10.436767578,-10.506767578,-10.546767578,-10.656767578,-10.276767578,-10.076767578,-10.276767578,-10.306767578,-10.016767578,-9.7567675781,-9.5967675781,-9.4167675781,-9.4767675781,-9.3867675781,-9.1567675781,-8.9467675781,-8.8267675781,-9.0067675781,-8.8267675781,-8.4067675781,-8.3067675781,-8.3467675781,-8.3367675781,-8.1067675781
-4.3967675781,-4.4767675781,-4.7067675781,-5.5167675781,-6.2767675781,-7.2567675781,-7.4467675781,-7.4267675781,-7.4467675781,-7.8567675781,-8.0867675781,-8.2067675781,-8.3867675781,-8.2067675781,-7.8267675781,-7.2867675781,-6.8767675781,-7.2967675781,-7.8767675781,-8.6467675781,-9.0967675781,-8.4667675781,-8.2167675781,-9.1767675781,-10.206767578,-9.5667675781,-9.8167675781,-10.076767578,-10.166767578,-10.476767578,-9.7467675781,-9.2067675781,-9.6567675781,-10.036767578,-10.246767578,-9.3267675781,-9.7667675781,-9.6767675781,-9.7067675781,-9.6867675781,-9.4967675781,-9.2867675781,-9.2167675781,-9.1867675781,-8.7667675781,-8.4667675781,-8.6167675781,-8.8067675781,-8.7167675781,-8.3067675781
-4.2267675781,-4.6067675781,-4.7567675781,-5.5167675781,-6.3367675781,-6.9767675781,-7.1867675781,-7.2067675781,-7.1167675781,-7.4967675781,-7.9767675781,-8.1167675781,-8.2067675781,-8.1467675781,-7.6167675781,-6.5467675781,-5.5567675781,-5.1967675781,-5.6367675781,-5.5167675781,-3.7567675781,-5.3567675781,-8.6667675781,-9.4167675781,-9.8867675781,-8.6567675781,-7.6367675781,-8.8267675781,-9.9067675781,-11.256767578,-11.036767578,-9.7367675781,-9.7667675781,-9.6867675781,-9.6867675781,-8.9867675781,-9.7667675781,-9.7767675781,-9.7467675781,-9.7167675781,-9.6367675781,-9.4267675781,-9.3667675781,-9.3267675781,-9.0467675781,-8.8467675781,-8.9067675781,-9.0267675781,-8.8167675781,-8.3567675781
-4.2567675781,-4.5367675781,-4.5167675781,-5.5067675781,-6.0667675781,-6.6367675781,-7.0467675781,-7.0867675781,-7.1367675781,-7.6267675781,-7.9367675781,-7.9367675781,-7.6967675781,-7.1967675781,-6.2967675781,-5.2367675781,-4.2867675781,-3.7267675781,-2.6367675781,-2.1467675781,-4.4267675781,-7.6267675781,-8.8667675781,-9.7167675781,-9.2867675781,-7.0467675781,-7.3067675781,-7.9567675781,-9.2567675781,-11.016767578,-11.736767578,-10.636767578,-9.7567675781,-9.5967675781,-9.4767675781,-9.3967675781,-9.8067675781,-9.8467675781,-9.5667675781,-9.5367675781,-9.6667675781,-9.5367675781,-9.5567675781,-9.4067675781,-9.1867675781,-9.1267675781,-8.9967675781,-8.7867675781,-8.5567675781,-8.3367675781
